"caseID","timeStamp","userID","targetApp","eventType","url","content","target.workbookName","target.sheetName","target.id","target.class","target.tagName","target.type","target.name","target.value","target.innerText","target.checked","target.href","target.option","target.title","target.innerHTML"
"1","2019-10-21T00:10:59.668Z","vleno","Excel","copyCell","","122 Albert St, Port Melbourne, VIC 3207, Australia","StudentRecords.xlsx","Sheet1","G2","","","","","122 Albert St, Port Melbourne, VIC 3207, Australia","","","","","",""
"1","2019-10-21T00:11:02.073Z","vleno","Chrome","paste","https://forms.zoho.com/universityofmelbourne/form/NewRecord","122 Albert St, Port Melbourne, VIC 3207, Australia","","","","","INPUT","text","Address_AddressLine1","","","","","","",""
"1","2019-10-21T00:11:06.033Z","vleno","Chrome","editField","https://forms.zoho.com/universityofmelbourne/form/NewRecord","","","","","","INPUT","text","Address_AddressLine1","122 Albert St","","","","","",""
"1","2019-10-21T00:11:07.161Z","vleno","Chrome","paste","https://forms.zoho.com/universityofmelbourne/form/NewRecord","122 Albert St, Port Melbourne, VIC 3207, Australia","","","","","INPUT","text","Address_City","","","","","","",""
"1","2019-10-21T00:11:12.936Z","vleno","Chrome","editField","https://forms.zoho.com/universityofmelbourne/form/NewRecord","","","","","","INPUT","text","Address_City","Port Melbourne","","","","","",""
"1","2019-10-21T00:11:15.192Z","vleno","Chrome","paste","https://forms.zoho.com/universityofmelbourne/form/NewRecord","122 Albert St, Port Melbourne, VIC 3207, Australia","","","","","INPUT","text","Address_Region","","","","","","",""
"1","2019-10-21T00:11:20.089Z","vleno","Chrome","editField","https://forms.zoho.com/universityofmelbourne/form/NewRecord","","","","","","INPUT","text","Address_Region","VIC","","","","","",""
"1","2019-10-21T00:11:21.456Z","vleno","Chrome","paste","https://forms.zoho.com/universityofmelbourne/form/NewRecord","122 Albert St, Port Melbourne, VIC 3207, Australia","","","","","INPUT","text","Address_ZipCode","","","","","","",""
"1","2019-10-21T00:11:27.689Z","vleno","Chrome","editField","https://forms.zoho.com/universityofmelbourne/form/NewRecord","","","","","","INPUT","text","Address_ZipCode","3207","","","","","",""
"1","2019-10-21T00:11:37.513Z","vleno","Chrome","clickButton","https://forms.zoho.com/universityofmelbourne/form/NewRecord","","","","","","BUTTON","submit","","submit","Submit","","","","","\n<em>Submit</em>\n"
"2","2019-10-21T00:12:58.084Z","vleno","Excel","copyCell","","99 Beacon Rd, Port Melbourne, VIC 3207, Australia","StudentRecords.xlsx","Sheet1","G3","","","","","99 Beacon Rd, Port Melbourne, VIC 3207, Australia","","","","","",""
"2","2019-10-21T00:13:00.121Z","vleno","Chrome","paste","https://forms.zoho.com/universityofmelbourne/form/NewRecord","99 Beacon Rd, Port Melbourne, VIC 3207, Australia","","","","","INPUT","text","Address_AddressLine1","","","","","","",""
"2","2019-10-21T00:13:03.737Z","vleno","Chrome","editField","https://forms.zoho.com/universityofmelbourne/form/NewRecord","","","","","","INPUT","text","Address_AddressLine1","99 Beacon Rd","","","","","",""
"2","2019-10-21T00:13:04.064Z","vleno","Chrome","paste","https://forms.zoho.com/universityofmelbourne/form/NewRecord","99 Beacon Rd, Port Melbourne, VIC 3207, Australia","","","","","INPUT","text","Address_City","","","","","","",""
"2","2019-10-21T00:13:09.306Z","vleno","Chrome","editField","https://forms.zoho.com/universityofmelbourne/form/NewRecord","","","","","","INPUT","text","Address_City","Port Melbourne","","","","","",""
"2","2019-10-21T00:13:10.161Z","vleno","Chrome","paste","https://forms.zoho.com/universityofmelbourne/form/NewRecord","99 Beacon Rd, Port Melbourne, VIC 3207, Australia","","","","","INPUT","text","Address_Region","","","","","","",""
"2","2019-10-21T00:13:16.225Z","vleno","Chrome","editField","https://forms.zoho.com/universityofmelbourne/form/NewRecord","","","","","","INPUT","text","Address_Region","VIC","","","","","",""
"2","2019-10-21T00:13:17.240Z","vleno","Chrome","paste","https://forms.zoho.com/universityofmelbourne/form/NewRecord","99 Beacon Rd, Port Melbourne, VIC 3207, Australia","","","","","INPUT","text","Address_ZipCode","","","","","","",""
"2","2019-10-21T00:13:22.120Z","vleno","Chrome","editField","https://forms.zoho.com/universityofmelbourne/form/NewRecord","","","","","","INPUT","text","Address_ZipCode","3207","","","","","",""
"2","2019-10-21T00:13:29.824Z","vleno","Chrome","clickButton","https://forms.zoho.com/universityofmelbourne/form/NewRecord","","","","","","BUTTON","submit","","submit","Submit","","","","","\n<em>Submit</em>\n"
"3","2019-10-21T00:14:13.289Z","vleno","Excel","copyCell","","396 Clarendon St, South Melbourne, VIC 3205, Australia","StudentRecords.xlsx","Sheet1","G4","","","","","396 Clarendon St, South Melbourne, VIC 3205, Australia","","","","","",""
"3","2019-10-21T00:14:20.224Z","vleno","Chrome","paste","https://forms.zoho.com/universityofmelbourne/form/NewRecord","396 Clarendon St, South Melbourne, VIC 3205, Australia","","","","","INPUT","text","Address_AddressLine1","","","","","","",""
"3","2019-10-21T00:14:27.713Z","vleno","Chrome","editField","https://forms.zoho.com/universityofmelbourne/form/NewRecord","","","","","","INPUT","text","Address_AddressLine1","396 Clarendon St","","","","","",""
"3","2019-10-21T00:14:28.144Z","vleno","Chrome","paste","https://forms.zoho.com/universityofmelbourne/form/NewRecord","396 Clarendon St, South Melbourne, VIC 3205, Australia","","","","","INPUT","text","Address_City","","","","","","",""
"3","2019-10-21T00:14:34.129Z","vleno","Chrome","editField","https://forms.zoho.com/universityofmelbourne/form/NewRecord","","","","","","INPUT","text","Address_City","South Melbourne","","","","","",""
"3","2019-10-21T00:14:35.024Z","vleno","Chrome","paste","https://forms.zoho.com/universityofmelbourne/form/NewRecord","396 Clarendon St, South Melbourne, VIC 3205, Australia","","","","","INPUT","text","Address_Region","","","","","","",""
"3","2019-10-21T00:14:40.929Z","vleno","Chrome","editField","https://forms.zoho.com/universityofmelbourne/form/NewRecord","","","","","","INPUT","text","Address_Region","VIC","","","","","",""
"3","2019-10-21T00:14:44.377Z","vleno","Chrome","paste","https://forms.zoho.com/universityofmelbourne/form/NewRecord","396 Clarendon St, South Melbourne, VIC 3205, Australia","","","","","INPUT","text","Address_ZipCode","","","","","","",""
"3","2019-10-21T00:14:48.929Z","vleno","Chrome","editField","https://forms.zoho.com/universityofmelbourne/form/NewRecord","","","","","","INPUT","text","Address_ZipCode","3205","","","","","",""
"3","2019-10-21T00:15:07.071Z","vleno","Chrome","clickButton","https://forms.zoho.com/universityofmelbourne/form/NewRecord","","","","","","BUTTON","submit","","submit","Submit","","","","","\n<em>Submit</em>\n"
"4","2019-10-21T00:15:55.668Z","vleno","Excel","copyCell","","120 Princes St, Port Melbourne, VIC 3207, Australia","StudentRecords.xlsx","Sheet1","G5","","","","","120 Princes St, Port Melbourne, VIC 3207, Australia","","","","","",""
"4","2019-10-21T00:15:57.464Z","vleno","Chrome","paste","https://forms.zoho.com/universityofmelbourne/form/NewRecord","120 Princes St, Port Melbourne, VIC 3207, Australia","","","","","INPUT","text","Address_AddressLine1","","","","","","",""
"4","2019-10-21T00:16:01.057Z","vleno","Chrome","editField","https://forms.zoho.com/universityofmelbourne/form/NewRecord","","","","","","INPUT","text","Address_AddressLine1","120 Princes St","","","","","",""
"4","2019-10-21T00:16:01.448Z","vleno","Chrome","paste","https://forms.zoho.com/universityofmelbourne/form/NewRecord","120 Princes St, Port Melbourne, VIC 3207, Australia","","","","","INPUT","text","Address_City","","","","","","",""
"4","2019-10-21T00:16:08.169Z","vleno","Chrome","editField","https://forms.zoho.com/universityofmelbourne/form/NewRecord","","","","","","INPUT","text","Address_City","Port Melbourne","","","","","",""
"4","2019-10-21T00:16:09.144Z","vleno","Chrome","paste","https://forms.zoho.com/universityofmelbourne/form/NewRecord","120 Princes St, Port Melbourne, VIC 3207, Australia","","","","","INPUT","text","Address_Region","","","","","","",""
"4","2019-10-21T00:16:13.921Z","vleno","Chrome","editField","https://forms.zoho.com/universityofmelbourne/form/NewRecord","","","","","","INPUT","text","Address_Region","VIC","","","","","",""
"4","2019-10-21T00:16:14.688Z","vleno","Chrome","paste","https://forms.zoho.com/universityofmelbourne/form/NewRecord","120 Princes St, Port Melbourne, VIC 3207, Australia","","","","","INPUT","text","Address_ZipCode","","","","","","",""
"4","2019-10-21T00:16:19.649Z","vleno","Chrome","editField","https://forms.zoho.com/universityofmelbourne/form/NewRecord","","","","","","INPUT","text","Address_ZipCode","3207","","","","","",""
"4","2019-10-21T00:16:25.322Z","vleno","Chrome","clickButton","https://forms.zoho.com/universityofmelbourne/form/NewRecord","","","","","","BUTTON","submit","","submit","Submit","","","","","\n<em>Submit</em>\n"
"5","2019-10-21T00:17:09.847Z","vleno","Excel","copyCell","","9/271 William St, Melbourne, VIC 3000, Australia","StudentRecords.xlsx","Sheet1","G6","","","","","9/271 William St, Melbourne, VIC 3000, Australia","","","","","",""
"5","2019-10-21T00:17:12.064Z","vleno","Chrome","paste","https://forms.zoho.com/universityofmelbourne/form/NewRecord","9/271 William St, Melbourne, VIC 3000, Australia","","","","","INPUT","text","Address_AddressLine1","","","","","","",""
"5","2019-10-21T00:17:15.169Z","vleno","Chrome","editField","https://forms.zoho.com/universityofmelbourne/form/NewRecord","","","","","","INPUT","text","Address_AddressLine1","9/271 William St","","","","","",""
"5","2019-10-21T00:17:15.553Z","vleno","Chrome","copy","https://forms.zoho.com/universityofmelbourne/form/NewRecord","","","","","","INPUT","text","Address_City","","","","","","",""
"5","2019-10-21T00:17:15.554Z","vleno","Chrome","paste","https://forms.zoho.com/universityofmelbourne/form/NewRecord","9/271 William St, Melbourne, VIC 3000, Australia","","","","","INPUT","text","Address_City","","","","","","",""
"5","2019-10-21T00:17:21.369Z","vleno","Chrome","editField","https://forms.zoho.com/universityofmelbourne/form/NewRecord","","","","","","INPUT","text","Address_City","Melbourne","","","","","",""
"5","2019-10-21T00:17:22.321Z","vleno","Chrome","paste","https://forms.zoho.com/universityofmelbourne/form/NewRecord","9/271 William St, Melbourne, VIC 3000, Australia","","","","","INPUT","text","Address_Region","","","","","","",""
"5","2019-10-21T00:17:26.792Z","vleno","Chrome","editField","https://forms.zoho.com/universityofmelbourne/form/NewRecord","","","","","","INPUT","text","Address_Region","VIC","","","","","",""
"5","2019-10-21T00:17:28.040Z","vleno","Chrome","paste","https://forms.zoho.com/universityofmelbourne/form/NewRecord","9/271 William St, Melbourne, VIC 3000, Australia","","","","","INPUT","text","Address_ZipCode","","","","","","",""
"5","2019-10-21T00:17:32.857Z","vleno","Chrome","editField","https://forms.zoho.com/universityofmelbourne/form/NewRecord","","","","","","INPUT","text","Address_ZipCode","3000","","","","","",""
"5","2019-10-21T00:17:40.080Z","vleno","Chrome","clickButton","https://forms.zoho.com/universityofmelbourne/form/NewRecord","","","","","","BUTTON","submit","","submit","Submit","","","","","\n<em>Submit</em>\n"
"6","2019-10-21T00:18:26.659Z","vleno","Excel","copyCell","","177 Cecil St, South Melbourne, VIC 3205, Australia","StudentRecords.xlsx","Sheet1","G7","","","","","177 Cecil St, South Melbourne, VIC 3205, Australia","","","","","",""
"6","2019-10-21T00:18:28.528Z","vleno","Chrome","paste","https://forms.zoho.com/universityofmelbourne/form/NewRecord","177 Cecil St, South Melbourne, VIC 3205, Australia","","","","","INPUT","text","Address_AddressLine1","","","","","","",""
"6","2019-10-21T00:18:32.209Z","vleno","Chrome","editField","https://forms.zoho.com/universityofmelbourne/form/NewRecord","","","","","","INPUT","text","Address_AddressLine1","177 Cecil St","","","","","",""
"6","2019-10-21T00:18:32.720Z","vleno","Chrome","paste","https://forms.zoho.com/universityofmelbourne/form/NewRecord","177 Cecil St, South Melbourne, VIC 3205, Australia","","","","","INPUT","text","Address_City","","","","","","",""
"6","2019-10-21T00:18:38.065Z","vleno","Chrome","editField","https://forms.zoho.com/universityofmelbourne/form/NewRecord","","","","","","INPUT","text","Address_City","South Melbourne","","","","","",""
"6","2019-10-21T00:18:38.880Z","vleno","Chrome","paste","https://forms.zoho.com/universityofmelbourne/form/NewRecord","177 Cecil St, South Melbourne, VIC 3205, Australia","","","","","INPUT","text","Address_Region","","","","","","",""
"6","2019-10-21T00:18:43.977Z","vleno","Chrome","editField","https://forms.zoho.com/universityofmelbourne/form/NewRecord","","","","","","INPUT","text","Address_Region","VIC","","","","","",""
"6","2019-10-21T00:18:44.832Z","vleno","Chrome","paste","https://forms.zoho.com/universityofmelbourne/form/NewRecord","177 Cecil St, South Melbourne, VIC 3205, Australia","","","","","INPUT","text","Address_ZipCode","","","","","","",""
"6","2019-10-21T00:18:49.418Z","vleno","Chrome","editField","https://forms.zoho.com/universityofmelbourne/form/NewRecord","","","","","","INPUT","text","Address_ZipCode","3205","","","","","",""
"6","2019-10-21T00:18:53.930Z","vleno","Chrome","clickButton","https://forms.zoho.com/universityofmelbourne/form/NewRecord","","","","","","BUTTON","submit","","submit","Submit","","","","","\n<em>Submit</em>\n"
"7","2019-10-21T00:19:36.007Z","vleno","Excel","copyCell","","225 Abbotsford St, North Melbourne, VIC 3051, Australia","StudentRecords.xlsx","Sheet1","G8","","","","","225 Abbotsford St, North Melbourne, VIC 3051, Australia","","","","","",""
"7","2019-10-21T00:19:37.977Z","vleno","Chrome","paste","https://forms.zoho.com/universityofmelbourne/form/NewRecord","225 Abbotsford St, North Melbourne, VIC 3051, Australia","","","","","INPUT","text","Address_AddressLine1","","","","","","",""
"7","2019-10-21T00:19:41.465Z","vleno","Chrome","editField","https://forms.zoho.com/universityofmelbourne/form/NewRecord","","","","","","INPUT","text","Address_AddressLine1","225 Abbotsford St","","","","","",""
"7","2019-10-21T00:19:41.768Z","vleno","Chrome","paste","https://forms.zoho.com/universityofmelbourne/form/NewRecord","225 Abbotsford St, North Melbourne, VIC 3051, Australia","","","","","INPUT","text","Address_City","","","","","","",""
"7","2019-10-21T00:19:47.369Z","vleno","Chrome","editField","https://forms.zoho.com/universityofmelbourne/form/NewRecord","","","","","","INPUT","text","Address_City","North Melbourne","","","","","",""
"7","2019-10-21T00:19:48.078Z","vleno","Chrome","paste","https://forms.zoho.com/universityofmelbourne/form/NewRecord","225 Abbotsford St, North Melbourne, VIC 3051, Australia","","","","","INPUT","text","Address_Region","","","","","","",""
"7","2019-10-21T00:19:53.001Z","vleno","Chrome","editField","https://forms.zoho.com/universityofmelbourne/form/NewRecord","","","","","","INPUT","text","Address_Region","VIC","","","","","",""
"7","2019-10-21T00:19:53.936Z","vleno","Chrome","paste","https://forms.zoho.com/universityofmelbourne/form/NewRecord","225 Abbotsford St, North Melbourne, VIC 3051, Australia","","","","","INPUT","text","Address_ZipCode","","","","","","",""
"7","2019-10-21T00:20:00.313Z","vleno","Chrome","editField","https://forms.zoho.com/universityofmelbourne/form/NewRecord","","","","","","INPUT","text","Address_ZipCode","3051","","","","","",""
"7","2019-10-21T00:20:04.147Z","vleno","Chrome","clickButton","https://forms.zoho.com/universityofmelbourne/form/NewRecord","","","","","","BUTTON","submit","","submit","Submit","","","","","\n<em>Submit</em>\n"
"8","2019-10-21T00:20:46.644Z","vleno","Excel","copyCell","","463 Victoria St, West Melbourne, VIC 3003, Australia","StudentRecords.xlsx","Sheet1","G9","","","","","463 Victoria St, West Melbourne, VIC 3003, Australia","","","","","",""
"8","2019-10-21T00:20:48.600Z","vleno","Chrome","paste","https://forms.zoho.com/universityofmelbourne/form/NewRecord","463 Victoria St, West Melbourne, VIC 3003, Australia","","","","","INPUT","text","Address_AddressLine1","","","","","","",""
"8","2019-10-21T00:20:52.290Z","vleno","Chrome","editField","https://forms.zoho.com/universityofmelbourne/form/NewRecord","","","","","","INPUT","text","Address_AddressLine1","463 Victoria St","","","","","",""
"8","2019-10-21T00:20:52.569Z","vleno","Chrome","paste","https://forms.zoho.com/universityofmelbourne/form/NewRecord","463 Victoria St, West Melbourne, VIC 3003, Australia","","","","","INPUT","text","Address_City","","","","","","",""
"8","2019-10-21T00:20:58.529Z","vleno","Chrome","editField","https://forms.zoho.com/universityofmelbourne/form/NewRecord","","","","","","INPUT","text","Address_City","West Melbourne","","","","","",""
"8","2019-10-21T00:20:59.457Z","vleno","Chrome","paste","https://forms.zoho.com/universityofmelbourne/form/NewRecord","463 Victoria St, West Melbourne, VIC 3003, Australia","","","","","INPUT","text","Address_Region","","","","","","",""
"8","2019-10-21T00:21:04.313Z","vleno","Chrome","editField","https://forms.zoho.com/universityofmelbourne/form/NewRecord","","","","","","INPUT","text","Address_Region","VIC","","","","","",""
"8","2019-10-21T00:21:05.305Z","vleno","Chrome","paste","https://forms.zoho.com/universityofmelbourne/form/NewRecord","463 Victoria St, West Melbourne, VIC 3003, Australia","","","","","INPUT","text","Address_ZipCode","","","","","","",""
"8","2019-10-21T00:21:12.714Z","vleno","Chrome","editField","https://forms.zoho.com/universityofmelbourne/form/NewRecord","","","","","","INPUT","text","Address_ZipCode","3003","","","","","",""
"8","2019-10-21T00:21:17.165Z","vleno","Chrome","clickButton","https://forms.zoho.com/universityofmelbourne/form/NewRecord","","","","","","BUTTON","submit","","submit","Submit","","","","","\n<em>Submit</em>\n"
"9","2019-10-21T00:22:05.570Z","vleno","Excel","copyCell","","149 Alfred St, North Melbourne, VIC 3051, Australia","StudentRecords.xlsx","Sheet1","G10","","","","","149 Alfred St, North Melbourne, VIC 3051, Australia","","","","","",""
"9","2019-10-21T00:22:07.408Z","vleno","Chrome","paste","https://forms.zoho.com/universityofmelbourne/form/NewRecord","149 Alfred St, North Melbourne, VIC 3051, Australia","","","","","INPUT","text","Address_AddressLine1","","","","","","",""
"9","2019-10-21T00:22:11.176Z","vleno","Chrome","editField","https://forms.zoho.com/universityofmelbourne/form/NewRecord","","","","","","INPUT","text","Address_AddressLine1","149 Alfred St","","","","","",""
"9","2019-10-21T00:22:11.385Z","vleno","Chrome","paste","https://forms.zoho.com/universityofmelbourne/form/NewRecord","149 Alfred St, North Melbourne, VIC 3051, Australia","","","","","INPUT","text","Address_City","","","","","","",""
"9","2019-10-21T00:22:16.705Z","vleno","Chrome","editField","https://forms.zoho.com/universityofmelbourne/form/NewRecord","","","","","","INPUT","text","Address_City","North Melbourne","","","","","",""
"9","2019-10-21T00:22:17.960Z","vleno","Chrome","copy","https://forms.zoho.com/universityofmelbourne/form/NewRecord","","","","","","INPUT","text","Address_Region","","","","","","",""
"9","2019-10-21T00:22:17.962Z","vleno","Chrome","paste","https://forms.zoho.com/universityofmelbourne/form/NewRecord","149 Alfred St, North Melbourne, VIC 3051, Australia","","","","","INPUT","text","Address_Region","","","","","","",""
"9","2019-10-21T00:22:29.473Z","vleno","Chrome","editField","https://forms.zoho.com/universityofmelbourne/form/NewRecord","","","","","","INPUT","text","Address_Region","VIC","","","","","",""
"9","2019-10-21T00:22:30.464Z","vleno","Chrome","paste","https://forms.zoho.com/universityofmelbourne/form/NewRecord","149 Alfred St, North Melbourne, VIC 3051, Australia","","","","","INPUT","text","Address_ZipCode","","","","","","",""
"9","2019-10-21T00:22:36.425Z","vleno","Chrome","editField","https://forms.zoho.com/universityofmelbourne/form/NewRecord","","","","","","INPUT","text","Address_ZipCode","3051","","","","","",""
"9","2019-10-21T00:22:44.002Z","vleno","Chrome","clickButton","https://forms.zoho.com/universityofmelbourne/form/NewRecord","","","","","","BUTTON","submit","","submit","Submit","","","","","\n<em>Submit</em>\n"
"10","2019-10-21T00:23:32.104Z","vleno","Excel","copyCell","","12 Hotham St, South Melbourne, VIC 3205, Australia","StudentRecords.xlsx","Sheet1","G11","","","","","12 Hotham St, South Melbourne, VIC 3205, Australia","","","","","",""
"10","2019-10-21T00:23:34.680Z","vleno","Chrome","paste","https://forms.zoho.com/universityofmelbourne/form/NewRecord","12 Hotham St, South Melbourne, VIC 3205, Australia","","","","","INPUT","text","Address_AddressLine1","","","","","","",""
"10","2019-10-21T00:23:38.418Z","vleno","Chrome","editField","https://forms.zoho.com/universityofmelbourne/form/NewRecord","","","","","","INPUT","text","Address_AddressLine1","12 Hotham St","","","","","",""
"10","2019-10-21T00:23:39.176Z","vleno","Chrome","paste","https://forms.zoho.com/universityofmelbourne/form/NewRecord","12 Hotham St, South Melbourne, VIC 3205, Australia","","","","","INPUT","text","Address_City","","","","","","",""
"10","2019-10-21T00:23:44.201Z","vleno","Chrome","editField","https://forms.zoho.com/universityofmelbourne/form/NewRecord","","","","","","INPUT","text","Address_City","South Melbourne","","","","","",""
"10","2019-10-21T00:23:46.025Z","vleno","Chrome","paste","https://forms.zoho.com/universityofmelbourne/form/NewRecord","12 Hotham St, South Melbourne, VIC 3205, Australia","","","","","INPUT","text","Address_Region","","","","","","",""
"10","2019-10-21T00:23:50.569Z","vleno","Chrome","editField","https://forms.zoho.com/universityofmelbourne/form/NewRecord","","","","","","INPUT","text","Address_Region","VIC","","","","","",""
"10","2019-10-21T00:23:51.616Z","vleno","Chrome","paste","https://forms.zoho.com/universityofmelbourne/form/NewRecord","12 Hotham St, South Melbourne, VIC 3205, Australia","","","","","INPUT","text","Address_ZipCode","","","","","","",""
"10","2019-10-21T00:23:57.105Z","vleno","Chrome","editField","https://forms.zoho.com/universityofmelbourne/form/NewRecord","","","","","","INPUT","text","Address_ZipCode","3205","","","","","",""
"10","2019-10-21T00:24:03.341Z","vleno","Chrome","clickButton","https://forms.zoho.com/universityofmelbourne/form/NewRecord","","","","","","BUTTON","submit","","submit","Submit","","","","","\n<em>Submit</em>\n"
"20","2019-10-21T00:35:36.640Z","vleno","Excel","copyCell","","54 Collins St, Melbourne, VIC 3000, Australia","StudentRecords.xlsx","Sheet1","G21","","","","","54 Collins St, Melbourne, VIC 3000, Australia","","","","","",""
"20","2019-10-21T00:35:38.345Z","vleno","Chrome","paste","https://forms.zoho.com/universityofmelbourne/form/NewRecord","54 Collins St, Melbourne, VIC 3000, Australia","","","","","INPUT","text","Address_AddressLine1","","","","","","",""
"20","2019-10-21T00:35:41.506Z","vleno","Chrome","editField","https://forms.zoho.com/universityofmelbourne/form/NewRecord","","","","","","INPUT","text","Address_AddressLine1","54 Collins St","","","","","",""
"20","2019-10-21T00:35:41.817Z","vleno","Chrome","paste","https://forms.zoho.com/universityofmelbourne/form/NewRecord","54 Collins St, Melbourne, VIC 3000, Australia","","","","","INPUT","text","Address_City","","","","","","",""
"20","2019-10-21T00:35:46.873Z","vleno","Chrome","editField","https://forms.zoho.com/universityofmelbourne/form/NewRecord","","","","","","INPUT","text","Address_City","Melbourne","","","","","",""
"20","2019-10-21T00:35:47.873Z","vleno","Chrome","paste","https://forms.zoho.com/universityofmelbourne/form/NewRecord","54 Collins St, Melbourne, VIC 3000, Australia","","","","","INPUT","text","Address_Region","","","","","","",""
"20","2019-10-21T00:35:52.681Z","vleno","Chrome","editField","https://forms.zoho.com/universityofmelbourne/form/NewRecord","","","","","","INPUT","text","Address_Region","VIC","","","","","",""
"20","2019-10-21T00:35:53.481Z","vleno","Chrome","paste","https://forms.zoho.com/universityofmelbourne/form/NewRecord","54 Collins St, Melbourne, VIC 3000, Australia","","","","","INPUT","text","Address_ZipCode","","","","","","",""
"20","2019-10-21T00:35:58.001Z","vleno","Chrome","editField","https://forms.zoho.com/universityofmelbourne/form/NewRecord","","","","","","INPUT","text","Address_ZipCode","3000","","","","","",""
"20","2019-10-21T00:36:01.106Z","vleno","Chrome","clickButton","https://forms.zoho.com/universityofmelbourne/form/NewRecord","","","","","","BUTTON","submit","","submit","Submit","","","","","\n<em>Submit</em>\n"
"30","2019-10-21T00:48:33.065Z","vleno","Excel","copyCell","","46 Walker Street, Parkville, VIC 3052, Australia","StudentRecords.xlsx","Sheet1","G31","","","","","46 Walker Street, Parkville, VIC 3052, Australia","","","","","",""
"30","2019-10-21T00:48:34.689Z","vleno","Chrome","paste","https://forms.zoho.com/universityofmelbourne/form/NewRecord","46 Walker Street, Parkville, VIC 3052, Australia","","","","","INPUT","text","Address_AddressLine1","","","","","","",""
"30","2019-10-21T00:48:37.713Z","vleno","Chrome","editField","https://forms.zoho.com/universityofmelbourne/form/NewRecord","","","","","","INPUT","text","Address_AddressLine1","46 Walker Street","","","","","",""
"30","2019-10-21T00:48:38.457Z","vleno","Chrome","paste","https://forms.zoho.com/universityofmelbourne/form/NewRecord","46 Walker Street, Parkville, VIC 3052, Australia","","","","","INPUT","text","Address_City","","","","","","",""
"30","2019-10-21T00:48:43.657Z","vleno","Chrome","editField","https://forms.zoho.com/universityofmelbourne/form/NewRecord","","","","","","INPUT","text","Address_City","Parkville","","","","","",""
"30","2019-10-21T00:48:45.169Z","vleno","Chrome","paste","https://forms.zoho.com/universityofmelbourne/form/NewRecord","46 Walker Street, Parkville, VIC 3052, Australia","","","","","INPUT","text","Address_Region","","","","","","",""
"30","2019-10-21T00:48:50.273Z","vleno","Chrome","editField","https://forms.zoho.com/universityofmelbourne/form/NewRecord","","","","","","INPUT","text","Address_Region","VIC","","","","","",""
"30","2019-10-21T00:48:51.129Z","vleno","Chrome","paste","https://forms.zoho.com/universityofmelbourne/form/NewRecord","46 Walker Street, Parkville, VIC 3052, Australia","","","","","INPUT","text","Address_ZipCode","","","","","","",""
"30","2019-10-21T00:48:55.969Z","vleno","Chrome","editField","https://forms.zoho.com/universityofmelbourne/form/NewRecord","","","","","","INPUT","text","Address_ZipCode","3052","","","","","",""
"30","2019-10-21T00:48:59.622Z","vleno","Chrome","clickButton","https://forms.zoho.com/universityofmelbourne/form/NewRecord","","","","","","BUTTON","submit","","submit","Submit","","","","","\n<em>Submit</em>\n"
"40","2019-10-21T01:01:40.884Z","vleno","Excel","copyCell","","286 Smithfield Road, Flemington, VIC 3031, Australia","StudentRecords.xlsx","Sheet1","G41","","","","","286 Smithfield Road, Flemington, VIC 3031, Australia","","","","","",""
"40","2019-10-21T01:01:43.009Z","vleno","Chrome","paste","https://forms.zoho.com/universityofmelbourne/form/NewRecord","286 Smithfield Road, Flemington, VIC 3031, Australia","","","","","INPUT","text","Address_AddressLine1","","","","","","",""
"40","2019-10-21T01:01:47.162Z","vleno","Chrome","editField","https://forms.zoho.com/universityofmelbourne/form/NewRecord","","","","","","INPUT","text","Address_AddressLine1","286 Smithfield Road","","","","","",""
"40","2019-10-21T01:01:47.489Z","vleno","Chrome","paste","https://forms.zoho.com/universityofmelbourne/form/NewRecord","286 Smithfield Road, Flemington, VIC 3031, Australia","","","","","INPUT","text","Address_City","","","","","","",""
"40","2019-10-21T01:01:52.698Z","vleno","Chrome","editField","https://forms.zoho.com/universityofmelbourne/form/NewRecord","","","","","","INPUT","text","Address_City","Flemington","","","","","",""
"40","2019-10-21T01:01:59.457Z","vleno","Chrome","paste","https://forms.zoho.com/universityofmelbourne/form/NewRecord","286 Smithfield Road, Flemington, VIC 3031, Australia","","","","","INPUT","text","Address_ZipCode","","","","","","",""
"40","2019-10-21T01:02:07.450Z","vleno","Chrome","editField","https://forms.zoho.com/universityofmelbourne/form/NewRecord","","","","","","INPUT","text","Address_ZipCode","3031","","","","","",""
"40","2019-10-21T01:02:10.609Z","vleno","Chrome","paste","https://forms.zoho.com/universityofmelbourne/form/NewRecord","286 Smithfield Road, Flemington, VIC 3031, Australia","","","","","INPUT","text","Address_Region","","","","","","",""
"40","2019-10-21T01:02:16.050Z","vleno","Chrome","editField","https://forms.zoho.com/universityofmelbourne/form/NewRecord","","","","","","INPUT","text","Address_Region","VIC","","","","","",""
"40","2019-10-21T01:02:20.728Z","vleno","Chrome","clickButton","https://forms.zoho.com/universityofmelbourne/form/NewRecord","","","","","","BUTTON","submit","","submit","Submit","","","","","\n<em>Submit</em>\n"
"50","2019-10-21T01:13:44.079Z","vleno","Excel","copyCell","","60 Walsh Stree, South Yarra, VIC 3003, Australia","StudentRecords.xlsx","Sheet1","G51","","","","","60 Walsh Stree, South Yarra, VIC 3003, Australia","","","","","",""
"50","2019-10-21T01:13:45.688Z","vleno","Chrome","paste","https://forms.zoho.com/universityofmelbourne/form/NewRecord","60 Walsh Stree, South Yarra, VIC 3003, Australia","","","","","INPUT","text","Address_AddressLine1","","","","","","",""
"50","2019-10-21T01:13:49.569Z","vleno","Chrome","editField","https://forms.zoho.com/universityofmelbourne/form/NewRecord","","","","","","INPUT","text","Address_AddressLine1","60 Walsh Stree","","","","","",""
"50","2019-10-21T01:13:49.808Z","vleno","Chrome","paste","https://forms.zoho.com/universityofmelbourne/form/NewRecord","60 Walsh Stree, South Yarra, VIC 3003, Australia","","","","","INPUT","text","Address_City","","","","","","",""
"50","2019-10-21T01:13:55.034Z","vleno","Chrome","editField","https://forms.zoho.com/universityofmelbourne/form/NewRecord","","","","","","INPUT","text","Address_City","South Yarra","","","","","",""
"50","2019-10-21T01:13:55.944Z","vleno","Chrome","copy","https://forms.zoho.com/universityofmelbourne/form/NewRecord","","","","","","INPUT","text","Address_Region","","","","","","",""
"50","2019-10-21T01:13:55.946Z","vleno","Chrome","paste","https://forms.zoho.com/universityofmelbourne/form/NewRecord","60 Walsh Stree, South Yarra, VIC 3003, Australia","","","","","INPUT","text","Address_Region","","","","","","",""
"50","2019-10-21T01:14:00.842Z","vleno","Chrome","editField","https://forms.zoho.com/universityofmelbourne/form/NewRecord","","","","","","INPUT","text","Address_Region","VIC","","","","","",""
"50","2019-10-21T01:14:01.713Z","vleno","Chrome","paste","https://forms.zoho.com/universityofmelbourne/form/NewRecord","60 Walsh Stree, South Yarra, VIC 3003, Australia","","","","","INPUT","text","Address_ZipCode","","","","","","",""
"50","2019-10-21T01:14:06.370Z","vleno","Chrome","editField","https://forms.zoho.com/universityofmelbourne/form/NewRecord","","","","","","INPUT","text","Address_ZipCode","3003","","","","","",""
"50","2019-10-21T01:14:16.018Z","vleno","Chrome","clickButton","https://forms.zoho.com/universityofmelbourne/form/NewRecord","","","","","","BUTTON","submit","","submit","Submit","","","","","\n<em>Submit</em>\n"
"11","2019-10-21T00:24:48.425Z","vleno","Excel","copyCell","","248 Esplanade East, Port Melbourne, VIC 3207, Australia","StudentRecords.xlsx","Sheet1","G12","","","","","248 Esplanade East, Port Melbourne, VIC 3207, Australia","","","","","",""
"11","2019-10-21T00:24:50.025Z","vleno","Chrome","paste","https://forms.zoho.com/universityofmelbourne/form/NewRecord","248 Esplanade East, Port Melbourne, VIC 3207, Australia","","","","","INPUT","text","Address_AddressLine1","","","","","","",""
"11","2019-10-21T00:24:53.585Z","vleno","Chrome","editField","https://forms.zoho.com/universityofmelbourne/form/NewRecord","","","","","","INPUT","text","Address_AddressLine1","248 Esplanade East","","","","","",""
"11","2019-10-21T00:24:53.905Z","vleno","Chrome","paste","https://forms.zoho.com/universityofmelbourne/form/NewRecord","248 Esplanade East, Port Melbourne, VIC 3207, Australia","","","","","INPUT","text","Address_City","","","","","","",""
"11","2019-10-21T00:24:59.209Z","vleno","Chrome","editField","https://forms.zoho.com/universityofmelbourne/form/NewRecord","","","","","","INPUT","text","Address_City","Port Melbourne","","","","","",""
"11","2019-10-21T00:25:00.193Z","vleno","Chrome","paste","https://forms.zoho.com/universityofmelbourne/form/NewRecord","248 Esplanade East, Port Melbourne, VIC 3207, Australia","","","","","INPUT","text","Address_Region","","","","","","",""
"11","2019-10-21T00:25:08.401Z","vleno","Chrome","editField","https://forms.zoho.com/universityofmelbourne/form/NewRecord","","","","","","INPUT","text","Address_Region","VIC","","","","","",""
"11","2019-10-21T00:25:09.200Z","vleno","Chrome","paste","https://forms.zoho.com/universityofmelbourne/form/NewRecord","248 Esplanade East, Port Melbourne, VIC 3207, Australia","","","","","INPUT","text","Address_ZipCode","","","","","","",""
"11","2019-10-21T00:25:14.145Z","vleno","Chrome","editField","https://forms.zoho.com/universityofmelbourne/form/NewRecord","","","","","","INPUT","text","Address_ZipCode","3207","","","","","",""
"11","2019-10-21T00:25:20.367Z","vleno","Chrome","clickButton","https://forms.zoho.com/universityofmelbourne/form/NewRecord","","","","","","BUTTON","submit","","submit","Submit","","","","","\n<em>Submit</em>\n"
"21","2019-10-21T00:36:54.927Z","vleno","Excel","copyCell","","411/205 Flinders Street, Melbourne, VIC 3000, Australia","StudentRecords.xlsx","Sheet1","G22","","","","","411/205 Flinders Street, Melbourne, VIC 3000, Australia","","","","","",""
"21","2019-10-21T00:36:56.512Z","vleno","Chrome","paste","https://forms.zoho.com/universityofmelbourne/form/NewRecord","411/205 Flinders Street, Melbourne, VIC 3000, Australia","","","","","INPUT","text","Address_AddressLine1","","","","","","",""
"21","2019-10-21T00:36:59.658Z","vleno","Chrome","editField","https://forms.zoho.com/universityofmelbourne/form/NewRecord","","","","","","INPUT","text","Address_AddressLine1","411/205 Flinders Street","","","","","",""
"21","2019-10-21T00:36:59.963Z","vleno","Chrome","copy","https://forms.zoho.com/universityofmelbourne/form/NewRecord","","","","","","INPUT","text","Address_City","","","","","","",""
"21","2019-10-21T00:36:59.965Z","vleno","Chrome","paste","https://forms.zoho.com/universityofmelbourne/form/NewRecord","411/205 Flinders Street, Melbourne, VIC 3000, Australia","","","","","INPUT","text","Address_City","","","","","","",""
"21","2019-10-21T00:37:06.289Z","vleno","Chrome","editField","https://forms.zoho.com/universityofmelbourne/form/NewRecord","","","","","","INPUT","text","Address_City","Melbourne","","","","","",""
"21","2019-10-21T00:37:07.168Z","vleno","Chrome","paste","https://forms.zoho.com/universityofmelbourne/form/NewRecord","411/205 Flinders Street, Melbourne, VIC 3000, Australia","","","","","INPUT","text","Address_Region","","","","","","",""
"21","2019-10-21T00:37:07.191Z","vleno","Chrome","copy","https://forms.zoho.com/universityofmelbourne/form/NewRecord","","","","","","INPUT","text","Address_Region","411/205 Flinders Street, Melbourne, VIC 3000, Australia","","","","","",""
"21","2019-10-21T00:37:11.929Z","vleno","Chrome","editField","https://forms.zoho.com/universityofmelbourne/form/NewRecord","","","","","","INPUT","text","Address_Region","VIC","","","","","",""
"21","2019-10-21T00:37:12.832Z","vleno","Chrome","paste","https://forms.zoho.com/universityofmelbourne/form/NewRecord","411/205 Flinders Street, Melbourne, VIC 3000, Australia","","","","","INPUT","text","Address_ZipCode","","","","","","",""
"21","2019-10-21T00:37:17.818Z","vleno","Chrome","editField","https://forms.zoho.com/universityofmelbourne/form/NewRecord","","","","","","INPUT","text","Address_ZipCode","3000","","","","","",""
"21","2019-10-21T00:37:21.355Z","vleno","Chrome","clickButton","https://forms.zoho.com/universityofmelbourne/form/NewRecord","","","","","","BUTTON","submit","","submit","Submit","","","","","\n<em>Submit</em>\n"
"31","2019-10-21T00:49:49.300Z","vleno","Excel","copyCell","","5 Walker Street, Parkville, VIC 3052, Australia","StudentRecords.xlsx","Sheet1","G32","","","","","5 Walker Street, Parkville, VIC 3052, Australia","","","","","",""
"31","2019-10-21T00:49:51.441Z","vleno","Chrome","paste","https://forms.zoho.com/universityofmelbourne/form/NewRecord","5 Walker Street, Parkville, VIC 3052, Australia","","","","","INPUT","text","Address_AddressLine1","","","","","","",""
"31","2019-10-21T00:49:54.897Z","vleno","Chrome","editField","https://forms.zoho.com/universityofmelbourne/form/NewRecord","","","","","","INPUT","text","Address_AddressLine1","5 Walker Street","","","","","",""
"31","2019-10-21T00:49:55.208Z","vleno","Chrome","paste","https://forms.zoho.com/universityofmelbourne/form/NewRecord","5 Walker Street, Parkville, VIC 3052, Australia","","","","","INPUT","text","Address_City","","","","","","",""
"31","2019-10-21T00:50:00.721Z","vleno","Chrome","editField","https://forms.zoho.com/universityofmelbourne/form/NewRecord","","","","","","INPUT","text","Address_City","Parkville","","","","","",""
"31","2019-10-21T00:50:01.521Z","vleno","Chrome","paste","https://forms.zoho.com/universityofmelbourne/form/NewRecord","5 Walker Street, Parkville, VIC 3052, Australia","","","","","INPUT","text","Address_Region","","","","","","",""
"31","2019-10-21T00:50:05.969Z","vleno","Chrome","editField","https://forms.zoho.com/universityofmelbourne/form/NewRecord","","","","","","INPUT","text","Address_Region","VIC","","","","","",""
"31","2019-10-21T00:50:06.784Z","vleno","Chrome","paste","https://forms.zoho.com/universityofmelbourne/form/NewRecord","5 Walker Street, Parkville, VIC 3052, Australia","","","","","INPUT","text","Address_ZipCode","","","","","","",""
"31","2019-10-21T00:50:12.114Z","vleno","Chrome","editField","https://forms.zoho.com/universityofmelbourne/form/NewRecord","","","","","","INPUT","text","Address_ZipCode","3052","","","","","",""
"31","2019-10-21T00:50:15.585Z","vleno","Chrome","clickButton","https://forms.zoho.com/universityofmelbourne/form/NewRecord","","","","","","BUTTON","submit","","submit","Submit","","","","","\n<em>Submit</em>\n"
"41","2019-10-21T01:03:09.061Z","vleno","Excel","copyCell","","454 Royal Parade, Carlton North, VIC 3052, Australia","StudentRecords.xlsx","Sheet1","G42","","","","","454 Royal Parade, Carlton North, VIC 3052, Australia","","","","","",""
"41","2019-10-21T01:03:10.880Z","vleno","Chrome","paste","https://forms.zoho.com/universityofmelbourne/form/NewRecord","454 Royal Parade, Carlton North, VIC 3052, Australia","","","","","INPUT","text","Address_AddressLine1","","","","","","",""
"41","2019-10-21T01:03:14.513Z","vleno","Chrome","editField","https://forms.zoho.com/universityofmelbourne/form/NewRecord","","","","","","INPUT","text","Address_AddressLine1","454 Royal Parade","","","","","",""
"41","2019-10-21T01:03:14.817Z","vleno","Chrome","paste","https://forms.zoho.com/universityofmelbourne/form/NewRecord","454 Royal Parade, Carlton North, VIC 3052, Australia","","","","","INPUT","text","Address_City","","","","","","",""
"41","2019-10-21T01:03:20.417Z","vleno","Chrome","editField","https://forms.zoho.com/universityofmelbourne/form/NewRecord","","","","","","INPUT","text","Address_City","Carlton North","","","","","",""
"41","2019-10-21T01:03:25.544Z","vleno","Chrome","paste","https://forms.zoho.com/universityofmelbourne/form/NewRecord","454 Royal Parade, Carlton North, VIC 3052, Australia","","","","","INPUT","text","Address_Region","","","","","","",""
"41","2019-10-21T01:03:30.346Z","vleno","Chrome","editField","https://forms.zoho.com/universityofmelbourne/form/NewRecord","","","","","","INPUT","text","Address_Region","VIC","","","","","",""
"41","2019-10-21T01:03:31.320Z","vleno","Chrome","paste","https://forms.zoho.com/universityofmelbourne/form/NewRecord","454 Royal Parade, Carlton North, VIC 3052, Australia","","","","","INPUT","text","Address_ZipCode","","","","","","",""
"41","2019-10-21T01:03:36.697Z","vleno","Chrome","editField","https://forms.zoho.com/universityofmelbourne/form/NewRecord","","","","","","INPUT","text","Address_ZipCode","3052","","","","","",""
"41","2019-10-21T01:03:40.080Z","vleno","Chrome","clickButton","https://forms.zoho.com/universityofmelbourne/form/NewRecord","","","","","","BUTTON","submit","","submit","Submit","","","","","\n<em>Submit</em>\n"
"12","2019-10-21T00:26:04.789Z","vleno","Excel","copyCell","","16 Morris St, South Melbourne, VIC 3205, Australia","StudentRecords.xlsx","Sheet1","G13","","","","","16 Morris St, South Melbourne, VIC 3205, Australia","","","","","",""
"12","2019-10-21T00:26:06.817Z","vleno","Chrome","paste","https://forms.zoho.com/universityofmelbourne/form/NewRecord","16 Morris St, South Melbourne, VIC 3205, Australia","","","","","INPUT","text","Address_AddressLine1","","","","","","",""
"12","2019-10-21T00:26:10.129Z","vleno","Chrome","editField","https://forms.zoho.com/universityofmelbourne/form/NewRecord","","","","","","INPUT","text","Address_AddressLine1","16 Morris St","","","","","",""
"12","2019-10-21T00:26:10.392Z","vleno","Chrome","paste","https://forms.zoho.com/universityofmelbourne/form/NewRecord","16 Morris St, South Melbourne, VIC 3205, Australia","","","","","INPUT","text","Address_City","","","","","","",""
"12","2019-10-21T00:26:15.761Z","vleno","Chrome","editField","https://forms.zoho.com/universityofmelbourne/form/NewRecord","","","","","","INPUT","text","Address_City","South Melbourne","","","","","",""
"12","2019-10-21T00:26:16.600Z","vleno","Chrome","paste","https://forms.zoho.com/universityofmelbourne/form/NewRecord","16 Morris St, South Melbourne, VIC 3205, Australia","","","","","INPUT","text","Address_Region","","","","","","",""
"12","2019-10-21T00:26:21.321Z","vleno","Chrome","editField","https://forms.zoho.com/universityofmelbourne/form/NewRecord","","","","","","INPUT","text","Address_Region","VIC","","","","","",""
"12","2019-10-21T00:26:22.240Z","vleno","Chrome","paste","https://forms.zoho.com/universityofmelbourne/form/NewRecord","16 Morris St, South Melbourne, VIC 3205, Australia","","","","","INPUT","text","Address_ZipCode","","","","","","",""
"12","2019-10-21T00:26:27.281Z","vleno","Chrome","editField","https://forms.zoho.com/universityofmelbourne/form/NewRecord","","","","","","INPUT","text","Address_ZipCode","3205","","","","","",""
"12","2019-10-21T00:26:31.472Z","vleno","Chrome","clickButton","https://forms.zoho.com/universityofmelbourne/form/NewRecord","","","","","","BUTTON","submit","","submit","Submit","","","","","\n<em>Submit</em>\n"
"22","2019-10-21T00:38:15.187Z","vleno","Excel","copyCell","","490 St Kilda Road, Melbourne, VIC 3004, Australia","StudentRecords.xlsx","Sheet1","G23","","","","","490 St Kilda Road, Melbourne, VIC 3004, Australia","","","","","",""
"22","2019-10-21T00:38:16.777Z","vleno","Chrome","paste","https://forms.zoho.com/universityofmelbourne/form/NewRecord","490 St Kilda Road, Melbourne, VIC 3004, Australia","","","","","INPUT","text","Address_AddressLine1","","","","","","",""
"22","2019-10-21T00:38:19.657Z","vleno","Chrome","editField","https://forms.zoho.com/universityofmelbourne/form/NewRecord","","","","","","INPUT","text","Address_AddressLine1","490 St Kilda Road","","","","","",""
"22","2019-10-21T00:38:19.960Z","vleno","Chrome","paste","https://forms.zoho.com/universityofmelbourne/form/NewRecord","490 St Kilda Road, Melbourne, VIC 3004, Australia","","","","","INPUT","text","Address_City","","","","","","",""
"22","2019-10-21T00:38:25.065Z","vleno","Chrome","editField","https://forms.zoho.com/universityofmelbourne/form/NewRecord","","","","","","INPUT","text","Address_City","Melbourne","","","","","",""
"22","2019-10-21T00:38:25.905Z","vleno","Chrome","paste","https://forms.zoho.com/universityofmelbourne/form/NewRecord","490 St Kilda Road, Melbourne, VIC 3004, Australia","","","","","INPUT","text","Address_Region","","","","","","",""
"22","2019-10-21T00:38:30.697Z","vleno","Chrome","editField","https://forms.zoho.com/universityofmelbourne/form/NewRecord","","","","","","INPUT","text","Address_Region","VIC","","","","","",""
"22","2019-10-21T00:38:31.689Z","vleno","Chrome","paste","https://forms.zoho.com/universityofmelbourne/form/NewRecord","490 St Kilda Road, Melbourne, VIC 3004, Australia","","","","","INPUT","text","Address_ZipCode","","","","","","",""
"22","2019-10-21T00:38:36.137Z","vleno","Chrome","editField","https://forms.zoho.com/universityofmelbourne/form/NewRecord","","","","","","INPUT","text","Address_ZipCode","3004","","","","","",""
"22","2019-10-21T00:38:43.467Z","vleno","Chrome","clickButton","https://forms.zoho.com/universityofmelbourne/form/NewRecord","","","","","","BUTTON","submit","","submit","Submit","","","","","\n<em>Submit</em>\n"
"32","2019-10-21T00:50:56.874Z","vleno","Excel","copyCell","","317 Bourke Street, Melbourne, VIC 3000, Australia","StudentRecords.xlsx","Sheet1","G33","","","","","317 Bourke Street, Melbourne, VIC 3000, Australia","","","","","",""
"32","2019-10-21T00:50:58.465Z","vleno","Chrome","paste","https://forms.zoho.com/universityofmelbourne/form/NewRecord","317 Bourke Street, Melbourne, VIC 3000, Australia","","","","","INPUT","text","Address_AddressLine1","","","","","","",""
"32","2019-10-21T00:51:01.552Z","vleno","Chrome","editField","https://forms.zoho.com/universityofmelbourne/form/NewRecord","","","","","","INPUT","text","Address_AddressLine1","317 Bourke Street","","","","","",""
"32","2019-10-21T00:51:01.809Z","vleno","Chrome","paste","https://forms.zoho.com/universityofmelbourne/form/NewRecord","317 Bourke Street, Melbourne, VIC 3000, Australia","","","","","INPUT","text","Address_City","","","","","","",""
"32","2019-10-21T00:51:07.153Z","vleno","Chrome","editField","https://forms.zoho.com/universityofmelbourne/form/NewRecord","","","","","","INPUT","text","Address_City","Melbourne","","","","","",""
"32","2019-10-21T00:51:07.937Z","vleno","Chrome","paste","https://forms.zoho.com/universityofmelbourne/form/NewRecord","317 Bourke Street, Melbourne, VIC 3000, Australia","","","","","INPUT","text","Address_Region","","","","","","",""
"32","2019-10-21T00:51:13.129Z","vleno","Chrome","editField","https://forms.zoho.com/universityofmelbourne/form/NewRecord","","","","","","INPUT","text","Address_Region","VIC","","","","","",""
"32","2019-10-21T00:51:14.176Z","vleno","Chrome","paste","https://forms.zoho.com/universityofmelbourne/form/NewRecord","317 Bourke Street, Melbourne, VIC 3000, Australia","","","","","INPUT","text","Address_ZipCode","","","","","","",""
"32","2019-10-21T00:51:21.986Z","vleno","Chrome","editField","https://forms.zoho.com/universityofmelbourne/form/NewRecord","","","","","","INPUT","text","Address_ZipCode","3000","","","","","",""
"32","2019-10-21T00:51:25.403Z","vleno","Chrome","clickButton","https://forms.zoho.com/universityofmelbourne/form/NewRecord","","","","","","BUTTON","submit","","submit","Submit","","","","","\n<em>Submit</em>\n"
"42","2019-10-21T01:04:25.694Z","vleno","Excel","copyCell","","67 Appleton Dock Road, West Melbourne, VIC 3003, Australia","StudentRecords.xlsx","Sheet1","G43","","","","","67 Appleton Dock Road, West Melbourne, VIC 3003, Australia","","","","","",""
"42","2019-10-21T01:04:27.728Z","vleno","Chrome","paste","https://forms.zoho.com/universityofmelbourne/form/NewRecord","67 Appleton Dock Road, West Melbourne, VIC 3003, Australia","","","","","INPUT","text","Address_AddressLine1","","","","","","",""
"42","2019-10-21T01:04:31.193Z","vleno","Chrome","editField","https://forms.zoho.com/universityofmelbourne/form/NewRecord","","","","","","INPUT","text","Address_AddressLine1","67 Appleton Dock Road","","","","","",""
"42","2019-10-21T01:04:31.624Z","vleno","Chrome","paste","https://forms.zoho.com/universityofmelbourne/form/NewRecord","67 Appleton Dock Road, West Melbourne, VIC 3003, Australia","","","","","INPUT","text","Address_City","","","","","","",""
"42","2019-10-21T01:04:40.089Z","vleno","Chrome","editField","https://forms.zoho.com/universityofmelbourne/form/NewRecord","","","","","","INPUT","text","Address_City","West Melbourne","","","","","",""
"42","2019-10-21T01:04:48.992Z","vleno","Chrome","paste","https://forms.zoho.com/universityofmelbourne/form/NewRecord","67 Appleton Dock Road, West Melbourne, VIC 3003, Australia","","","","","INPUT","text","Address_Region","","","","","","",""
"42","2019-10-21T01:04:54.169Z","vleno","Chrome","editField","https://forms.zoho.com/universityofmelbourne/form/NewRecord","","","","","","INPUT","text","Address_Region","VIC","","","","","",""
"42","2019-10-21T01:04:55.153Z","vleno","Chrome","paste","https://forms.zoho.com/universityofmelbourne/form/NewRecord","67 Appleton Dock Road, West Melbourne, VIC 3003, Australia","","","","","INPUT","text","Address_ZipCode","","","","","","",""
"42","2019-10-21T01:05:00.146Z","vleno","Chrome","editField","https://forms.zoho.com/universityofmelbourne/form/NewRecord","","","","","","INPUT","text","Address_ZipCode","3003","","","","","",""
"42","2019-10-21T01:05:05.297Z","vleno","Chrome","clickButton","https://forms.zoho.com/universityofmelbourne/form/NewRecord","","","","","","BUTTON","submit","","submit","Submit","","","","","\n<em>Submit</em>\n"
"13","2019-10-21T00:27:13.958Z","vleno","Excel","copyCell","","90 Collins St, Melbourne, VIC 3000, Australia","StudentRecords.xlsx","Sheet1","G14","","","","","90 Collins St, Melbourne, VIC 3000, Australia","","","","","",""
"13","2019-10-21T00:27:15.520Z","vleno","Chrome","paste","https://forms.zoho.com/universityofmelbourne/form/NewRecord","90 Collins St, Melbourne, VIC 3000, Australia","","","","","INPUT","text","Address_AddressLine1","","","","","","",""
"13","2019-10-21T00:27:18.673Z","vleno","Chrome","editField","https://forms.zoho.com/universityofmelbourne/form/NewRecord","","","","","","INPUT","text","Address_AddressLine1","90 Collins St","","","","","",""
"13","2019-10-21T00:27:18.985Z","vleno","Chrome","paste","https://forms.zoho.com/universityofmelbourne/form/NewRecord","90 Collins St, Melbourne, VIC 3000, Australia","","","","","INPUT","text","Address_City","","","","","","",""
"13","2019-10-21T00:27:24.977Z","vleno","Chrome","editField","https://forms.zoho.com/universityofmelbourne/form/NewRecord","","","","","","INPUT","text","Address_City","Melbourne","","","","","",""
"13","2019-10-21T00:27:25.792Z","vleno","Chrome","paste","https://forms.zoho.com/universityofmelbourne/form/NewRecord","90 Collins St, Melbourne, VIC 3000, Australia","","","","","INPUT","text","Address_Region","","","","","","",""
"13","2019-10-21T00:27:31.801Z","vleno","Chrome","editField","https://forms.zoho.com/universityofmelbourne/form/NewRecord","","","","","","INPUT","text","Address_Region","VIC","","","","","",""
"13","2019-10-21T00:27:32.528Z","vleno","Chrome","paste","https://forms.zoho.com/universityofmelbourne/form/NewRecord","90 Collins St, Melbourne, VIC 3000, Australia","","","","","INPUT","text","Address_ZipCode","","","","","","",""
"13","2019-10-21T00:27:37.177Z","vleno","Chrome","editField","https://forms.zoho.com/universityofmelbourne/form/NewRecord","","","","","","INPUT","text","Address_ZipCode","3000","","","","","",""
"13","2019-10-21T00:27:41.195Z","vleno","Chrome","clickButton","https://forms.zoho.com/universityofmelbourne/form/NewRecord","","","","","","BUTTON","submit","","submit","Submit","","","","","\n<em>Submit</em>\n"
"23","2019-10-21T00:39:27.649Z","vleno","Excel","copyCell","","301/63 Berkeley Street, Melbourne, VIC 3000, Australia","StudentRecords.xlsx","Sheet1","G24","","","","","301/63 Berkeley Street, Melbourne, VIC 3000, Australia","","","","","",""
"23","2019-10-21T00:39:29.409Z","vleno","Chrome","paste","https://forms.zoho.com/universityofmelbourne/form/NewRecord","301/63 Berkeley Street, Melbourne, VIC 3000, Australia","","","","","INPUT","text","Address_AddressLine1","","","","","","",""
"23","2019-10-21T00:39:36.010Z","vleno","Chrome","editField","https://forms.zoho.com/universityofmelbourne/form/NewRecord","","","","","","INPUT","text","Address_AddressLine1","301/63 Berkeley Street","","","","","",""
"23","2019-10-21T00:39:45.608Z","vleno","Chrome","paste","https://forms.zoho.com/universityofmelbourne/form/NewRecord","301/63 Berkeley Street, Melbourne, VIC 3000, Australia","","","","","INPUT","text","Address_City","","","","","","",""
"23","2019-10-21T00:39:51.433Z","vleno","Chrome","editField","https://forms.zoho.com/universityofmelbourne/form/NewRecord","","","","","","INPUT","text","Address_City","Melbourne","","","","","",""
"23","2019-10-21T00:39:52.496Z","vleno","Chrome","paste","https://forms.zoho.com/universityofmelbourne/form/NewRecord","301/63 Berkeley Street, Melbourne, VIC 3000, Australia","","","","","INPUT","text","Address_Region","","","","","","",""
"23","2019-10-21T00:39:57.177Z","vleno","Chrome","editField","https://forms.zoho.com/universityofmelbourne/form/NewRecord","","","","","","INPUT","text","Address_Region","VIC","","","","","",""
"23","2019-10-21T00:39:58.265Z","vleno","Chrome","copy","https://forms.zoho.com/universityofmelbourne/form/NewRecord","","","","","","INPUT","text","Address_ZipCode","","","","","","",""
"23","2019-10-21T00:39:58.266Z","vleno","Chrome","paste","https://forms.zoho.com/universityofmelbourne/form/NewRecord","301/63 Berkeley Street, Melbourne, VIC 3000, Australia","","","","","INPUT","text","Address_ZipCode","","","","","","",""
"23","2019-10-21T00:40:04.657Z","vleno","Chrome","editField","https://forms.zoho.com/universityofmelbourne/form/NewRecord","","","","","","INPUT","text","Address_ZipCode","3000","","","","","",""
"23","2019-10-21T00:40:09.069Z","vleno","Chrome","clickButton","https://forms.zoho.com/universityofmelbourne/form/NewRecord","","","","","","BUTTON","submit","","submit","Submit","","","","","\n<em>Submit</em>\n"
"33","2019-10-21T00:52:07.420Z","vleno","Excel","copyCell","","478 Drummond Street, Carlton, VIC 3053, Australia","StudentRecords.xlsx","Sheet1","G34","","","","","478 Drummond Street, Carlton, VIC 3053, Australia","","","","","",""
"33","2019-10-21T00:52:08.872Z","vleno","Chrome","paste","https://forms.zoho.com/universityofmelbourne/form/NewRecord","478 Drummond Street, Carlton, VIC 3053, Australia","","","","","INPUT","text","Address_AddressLine1","","","","","","",""
"33","2019-10-21T00:52:12.098Z","vleno","Chrome","editField","https://forms.zoho.com/universityofmelbourne/form/NewRecord","","","","","","INPUT","text","Address_AddressLine1","478 Drummond Street","","","","","",""
"33","2019-10-21T00:52:12.409Z","vleno","Chrome","paste","https://forms.zoho.com/universityofmelbourne/form/NewRecord","478 Drummond Street, Carlton, VIC 3053, Australia","","","","","INPUT","text","Address_City","","","","","","",""
"33","2019-10-21T00:52:17.737Z","vleno","Chrome","editField","https://forms.zoho.com/universityofmelbourne/form/NewRecord","","","","","","INPUT","text","Address_City","Carlton","","","","","",""
"33","2019-10-21T00:52:18.833Z","vleno","Chrome","paste","https://forms.zoho.com/universityofmelbourne/form/NewRecord","478 Drummond Street, Carlton, VIC 3053, Australia","","","","","INPUT","text","Address_Region","","","","","","",""
"33","2019-10-21T00:52:23.521Z","vleno","Chrome","editField","https://forms.zoho.com/universityofmelbourne/form/NewRecord","","","","","","INPUT","text","Address_Region","VIC","","","","","",""
"33","2019-10-21T00:52:24.313Z","vleno","Chrome","paste","https://forms.zoho.com/universityofmelbourne/form/NewRecord","478 Drummond Street, Carlton, VIC 3053, Australia","","","","","INPUT","text","Address_ZipCode","","","","","","",""
"33","2019-10-21T00:52:29.074Z","vleno","Chrome","editField","https://forms.zoho.com/universityofmelbourne/form/NewRecord","","","","","","INPUT","text","Address_ZipCode","3053","","","","","",""
"33","2019-10-21T00:52:33.458Z","vleno","Chrome","clickButton","https://forms.zoho.com/universityofmelbourne/form/NewRecord","","","","","","BUTTON","submit","","submit","Submit","","","","","\n<em>Submit</em>\n"
"43","2019-10-21T01:05:49.995Z","vleno","Excel","copyCell","","853 Swanston Street, Parkville, VIC 3052, Australia","StudentRecords.xlsx","Sheet1","G44","","","","","853 Swanston Street, Parkville, VIC 3052, Australia","","","","","",""
"43","2019-10-21T01:05:51.617Z","vleno","Chrome","paste","https://forms.zoho.com/universityofmelbourne/form/NewRecord","853 Swanston Street, Parkville, VIC 3052, Australia","","","","","INPUT","text","Address_AddressLine1","","","","","","",""
"43","2019-10-21T01:05:55.833Z","vleno","Chrome","editField","https://forms.zoho.com/universityofmelbourne/form/NewRecord","","","","","","INPUT","text","Address_AddressLine1","853 Swanston Street","","","","","",""
"43","2019-10-21T01:05:56.217Z","vleno","Chrome","paste","https://forms.zoho.com/universityofmelbourne/form/NewRecord","853 Swanston Street, Parkville, VIC 3052, Australia","","","","","INPUT","text","Address_City","","","","","","",""
"43","2019-10-21T01:06:01.905Z","vleno","Chrome","editField","https://forms.zoho.com/universityofmelbourne/form/NewRecord","","","","","","INPUT","text","Address_City","Parkville","","","","","",""
"43","2019-10-21T01:06:02.713Z","vleno","Chrome","paste","https://forms.zoho.com/universityofmelbourne/form/NewRecord","853 Swanston Street, Parkville, VIC 3052, Australia","","","","","INPUT","text","Address_Region","","","","","","",""
"43","2019-10-21T01:06:07.378Z","vleno","Chrome","editField","https://forms.zoho.com/universityofmelbourne/form/NewRecord","","","","","","INPUT","text","Address_Region","VIC","","","","","",""
"43","2019-10-21T01:06:08.137Z","vleno","Chrome","paste","https://forms.zoho.com/universityofmelbourne/form/NewRecord","853 Swanston Street, Parkville, VIC 3052, Australia","","","","","INPUT","text","Address_ZipCode","","","","","","",""
"43","2019-10-21T01:06:12.618Z","vleno","Chrome","editField","https://forms.zoho.com/universityofmelbourne/form/NewRecord","","","","","","INPUT","text","Address_ZipCode","3052","","","","","",""
"43","2019-10-21T01:06:15.953Z","vleno","Chrome","clickButton","https://forms.zoho.com/universityofmelbourne/form/NewRecord","","","","","","BUTTON","submit","","submit","Submit","","","","","\n<em>Submit</em>\n"
"14","2019-10-21T00:28:21.543Z","vleno","Excel","copyCell","","151 Beach St, Port Melbourne, VIC 3207, Australia","StudentRecords.xlsx","Sheet1","G15","","","","","151 Beach St, Port Melbourne, VIC 3207, Australia","","","","","",""
"14","2019-10-21T00:28:23.008Z","vleno","Chrome","paste","https://forms.zoho.com/universityofmelbourne/form/NewRecord","151 Beach St, Port Melbourne, VIC 3207, Australia","","","","","INPUT","text","Address_AddressLine1","","","","","","",""
"14","2019-10-21T00:28:26.256Z","vleno","Chrome","editField","https://forms.zoho.com/universityofmelbourne/form/NewRecord","","","","","","INPUT","text","Address_AddressLine1","151 Beach St","","","","","",""
"14","2019-10-21T00:28:26.528Z","vleno","Chrome","paste","https://forms.zoho.com/universityofmelbourne/form/NewRecord","151 Beach St, Port Melbourne, VIC 3207, Australia","","","","","INPUT","text","Address_City","","","","","","",""
"14","2019-10-21T00:28:31.913Z","vleno","Chrome","editField","https://forms.zoho.com/universityofmelbourne/form/NewRecord","","","","","","INPUT","text","Address_City","Port Melbourne","","","","","",""
"14","2019-10-21T00:28:32.632Z","vleno","Chrome","paste","https://forms.zoho.com/universityofmelbourne/form/NewRecord","151 Beach St, Port Melbourne, VIC 3207, Australia","","","","","INPUT","text","Address_Region","","","","","","",""
"14","2019-10-21T00:28:37.049Z","vleno","Chrome","editField","https://forms.zoho.com/universityofmelbourne/form/NewRecord","","","","","","INPUT","text","Address_Region","VIC","","","","","",""
"14","2019-10-21T00:28:37.856Z","vleno","Chrome","paste","https://forms.zoho.com/universityofmelbourne/form/NewRecord","151 Beach St, Port Melbourne, VIC 3207, Australia","","","","","INPUT","text","Address_ZipCode","","","","","","",""
"14","2019-10-21T00:28:43.113Z","vleno","Chrome","editField","https://forms.zoho.com/universityofmelbourne/form/NewRecord","","","","","","INPUT","text","Address_ZipCode","3207","","","","","",""
"14","2019-10-21T00:28:47.783Z","vleno","Chrome","clickButton","https://forms.zoho.com/universityofmelbourne/form/NewRecord","","","","","","BUTTON","submit","","submit","Submit","","","","","\n<em>Submit</em>\n"
"24","2019-10-21T00:40:56.251Z","vleno","Excel","copyCell","","511 Lonsdale Street, Melbourne, VIC 3000, Australia","StudentRecords.xlsx","Sheet1","G25","","","","","511 Lonsdale Street, Melbourne, VIC 3000, Australia","","","","","",""
"24","2019-10-21T00:40:57.896Z","vleno","Chrome","paste","https://forms.zoho.com/universityofmelbourne/form/NewRecord","511 Lonsdale Street, Melbourne, VIC 3000, Australia","","","","","INPUT","text","Address_AddressLine1","","","","","","",""
"24","2019-10-21T00:41:00.986Z","vleno","Chrome","editField","https://forms.zoho.com/universityofmelbourne/form/NewRecord","","","","","","INPUT","text","Address_AddressLine1","511 Lonsdale Street","","","","","",""
"24","2019-10-21T00:41:01.233Z","vleno","Chrome","paste","https://forms.zoho.com/universityofmelbourne/form/NewRecord","511 Lonsdale Street, Melbourne, VIC 3000, Australia","","","","","INPUT","text","Address_City","","","","","","",""
"24","2019-10-21T00:41:07.354Z","vleno","Chrome","editField","https://forms.zoho.com/universityofmelbourne/form/NewRecord","","","","","","INPUT","text","Address_City","Melbourne","","","","","",""
"24","2019-10-21T00:41:08.202Z","vleno","Chrome","paste","https://forms.zoho.com/universityofmelbourne/form/NewRecord","511 Lonsdale Street, Melbourne, VIC 3000, Australia","","","","","INPUT","text","Address_Region","","","","","","",""
"24","2019-10-21T00:41:13.345Z","vleno","Chrome","editField","https://forms.zoho.com/universityofmelbourne/form/NewRecord","","","","","","INPUT","text","Address_Region","VIC","","","","","",""
"24","2019-10-21T00:41:14.106Z","vleno","Chrome","paste","https://forms.zoho.com/universityofmelbourne/form/NewRecord","511 Lonsdale Street, Melbourne, VIC 3000, Australia","","","","","INPUT","text","Address_ZipCode","","","","","","",""
"24","2019-10-21T00:41:18.916Z","vleno","Chrome","editField","https://forms.zoho.com/universityofmelbourne/form/NewRecord","","","","","","INPUT","text","Address_ZipCode","3000","","","","","",""
"24","2019-10-21T00:41:23.268Z","vleno","Chrome","clickButton","https://forms.zoho.com/universityofmelbourne/form/NewRecord","","","","","","BUTTON","submit","","submit","Submit","","","","","\n<em>Submit</em>\n"
"34","2019-10-21T00:53:20.397Z","vleno","Excel","copyCell","","14 Aquitania Way, Docklands, VIC 3008, Australia","StudentRecords.xlsx","Sheet1","G35","","","","","14 Aquitania Way, Docklands, VIC 3008, Australia","","","","","",""
"34","2019-10-21T00:53:23.713Z","vleno","Chrome","paste","https://forms.zoho.com/universityofmelbourne/form/NewRecord","14 Aquitania Way, Docklands, VIC 3008, Australia","","","","","INPUT","text","Address_AddressLine1","","","","","","",""
"34","2019-10-21T00:53:26.729Z","vleno","Chrome","editField","https://forms.zoho.com/universityofmelbourne/form/NewRecord","","","","","","INPUT","text","Address_AddressLine1","14 Aquitania Way","","","","","",""
"34","2019-10-21T00:53:27.081Z","vleno","Chrome","paste","https://forms.zoho.com/universityofmelbourne/form/NewRecord","14 Aquitania Way, Docklands, VIC 3008, Australia","","","","","INPUT","text","Address_City","","","","","","",""
"34","2019-10-21T00:53:33.209Z","vleno","Chrome","editField","https://forms.zoho.com/universityofmelbourne/form/NewRecord","","","","","","INPUT","text","Address_City","Docklands","","","","","",""
"34","2019-10-21T00:53:33.921Z","vleno","Chrome","paste","https://forms.zoho.com/universityofmelbourne/form/NewRecord","14 Aquitania Way, Docklands, VIC 3008, Australia","","","","","INPUT","text","Address_Region","","","","","","",""
"34","2019-10-21T00:53:38.353Z","vleno","Chrome","editField","https://forms.zoho.com/universityofmelbourne/form/NewRecord","","","","","","INPUT","text","Address_Region","VIC","","","","","",""
"34","2019-10-21T00:53:39.113Z","vleno","Chrome","paste","https://forms.zoho.com/universityofmelbourne/form/NewRecord","14 Aquitania Way, Docklands, VIC 3008, Australia","","","","","INPUT","text","Address_ZipCode","","","","","","",""
"34","2019-10-21T00:53:43.713Z","vleno","Chrome","editField","https://forms.zoho.com/universityofmelbourne/form/NewRecord","","","","","","INPUT","text","Address_ZipCode","3008","","","","","",""
"34","2019-10-21T00:53:47.477Z","vleno","Chrome","clickButton","https://forms.zoho.com/universityofmelbourne/form/NewRecord","","","","","","BUTTON","submit","","submit","Submit","","","","","\n<em>Submit</em>\n"
"44","2019-10-21T01:06:58.992Z","vleno","Excel","copyCell","","17 Coode Road, West Melbourne, VIC 3003, Australia","StudentRecords.xlsx","Sheet1","G45","","","","","17 Coode Road, West Melbourne, VIC 3003, Australia","","","","","",""
"44","2019-10-21T01:07:00.601Z","vleno","Chrome","paste","https://forms.zoho.com/universityofmelbourne/form/NewRecord","17 Coode Road, West Melbourne, VIC 3003, Australia","","","","","INPUT","text","Address_AddressLine1","","","","","","",""
"44","2019-10-21T01:07:03.914Z","vleno","Chrome","editField","https://forms.zoho.com/universityofmelbourne/form/NewRecord","","","","","","INPUT","text","Address_AddressLine1","17 Coode Road","","","","","",""
"44","2019-10-21T01:07:04.145Z","vleno","Chrome","paste","https://forms.zoho.com/universityofmelbourne/form/NewRecord","17 Coode Road, West Melbourne, VIC 3003, Australia","","","","","INPUT","text","Address_City","","","","","","",""
"44","2019-10-21T01:07:09.433Z","vleno","Chrome","editField","https://forms.zoho.com/universityofmelbourne/form/NewRecord","","","","","","INPUT","text","Address_City","West Melbourne","","","","","",""
"44","2019-10-21T01:07:10.065Z","vleno","Chrome","paste","https://forms.zoho.com/universityofmelbourne/form/NewRecord","17 Coode Road, West Melbourne, VIC 3003, Australia","","","","","INPUT","text","Address_Region","","","","","","",""
"44","2019-10-21T01:07:14.946Z","vleno","Chrome","editField","https://forms.zoho.com/universityofmelbourne/form/NewRecord","","","","","","INPUT","text","Address_Region","VIC","","","","","",""
"44","2019-10-21T01:07:15.809Z","vleno","Chrome","paste","https://forms.zoho.com/universityofmelbourne/form/NewRecord","17 Coode Road, West Melbourne, VIC 3003, Australia","","","","","INPUT","text","Address_ZipCode","","","","","","",""
"44","2019-10-21T01:07:20.602Z","vleno","Chrome","editField","https://forms.zoho.com/universityofmelbourne/form/NewRecord","","","","","","INPUT","text","Address_ZipCode","3003","","","","","",""
"44","2019-10-21T01:07:25.224Z","vleno","Chrome","clickButton","https://forms.zoho.com/universityofmelbourne/form/NewRecord","","","","","","BUTTON","submit","","submit","Submit","","","","","\n<em>Submit</em>\n"
"15","2019-10-21T00:29:32.561Z","vleno","Excel","copyCell","","72 Moubray St, South Melbourne, VIC 3205, Australia","StudentRecords.xlsx","Sheet1","G16","","","","","72 Moubray St, South Melbourne, VIC 3205, Australia","","","","","",""
"15","2019-10-21T00:29:34.481Z","vleno","Chrome","paste","https://forms.zoho.com/universityofmelbourne/form/NewRecord","72 Moubray St, South Melbourne, VIC 3205, Australia","","","","","INPUT","text","Address_AddressLine1","","","","","","",""
"15","2019-10-21T00:29:38.065Z","vleno","Chrome","editField","https://forms.zoho.com/universityofmelbourne/form/NewRecord","","","","","","INPUT","text","Address_AddressLine1","72 Moubray St","","","","","",""
"15","2019-10-21T00:29:38.360Z","vleno","Chrome","paste","https://forms.zoho.com/universityofmelbourne/form/NewRecord","72 Moubray St, South Melbourne, VIC 3205, Australia","","","","","INPUT","text","Address_City","","","","","","",""
"15","2019-10-21T00:29:43.593Z","vleno","Chrome","editField","https://forms.zoho.com/universityofmelbourne/form/NewRecord","","","","","","INPUT","text","Address_City","South Melbourne","","","","","",""
"15","2019-10-21T00:29:44.353Z","vleno","Chrome","paste","https://forms.zoho.com/universityofmelbourne/form/NewRecord","72 Moubray St, South Melbourne, VIC 3205, Australia","","","","","INPUT","text","Address_Region","","","","","","",""
"15","2019-10-21T00:29:44.401Z","vleno","Excel","copyCell","","72 Moubray St, South Melbourne, VIC 3205, Australia","StudentRecords.xlsx","Sheet1","G16","","","","","72 Moubray St, South Melbourne, VIC 3205, Australia","","","","","",""
"15","2019-10-21T00:29:49.481Z","vleno","Chrome","editField","https://forms.zoho.com/universityofmelbourne/form/NewRecord","","","","","","INPUT","text","Address_Region","VIC","","","","","",""
"15","2019-10-21T00:29:50.424Z","vleno","Chrome","paste","https://forms.zoho.com/universityofmelbourne/form/NewRecord","72 Moubray St, South Melbourne, VIC 3205, Australia","","","","","INPUT","text","Address_ZipCode","","","","","","",""
"15","2019-10-21T00:29:58.129Z","vleno","Chrome","editField","https://forms.zoho.com/universityofmelbourne/form/NewRecord","","","","","","INPUT","text","Address_ZipCode","3205","","","","","",""
"15","2019-10-21T00:30:02.803Z","vleno","Chrome","clickButton","https://forms.zoho.com/universityofmelbourne/form/NewRecord","","","","","","BUTTON","submit","","submit","Submit","","","","","\n<em>Submit</em>\n"
"25","2019-10-21T00:42:09.250Z","vleno","Excel","copyCell","","351 St Kilda Road, Melbourne, VIC 3004, Australia","StudentRecords.xlsx","Sheet1","G26","","","","","351 St Kilda Road, Melbourne, VIC 3004, Australia","","","","","",""
"25","2019-10-21T00:42:12.120Z","vleno","Chrome","paste","https://forms.zoho.com/universityofmelbourne/form/NewRecord","351 St Kilda Road, Melbourne, VIC 3004, Australia","","","","","INPUT","text","Address_AddressLine1","","","","","","",""
"25","2019-10-21T00:42:15.113Z","vleno","Chrome","editField","https://forms.zoho.com/universityofmelbourne/form/NewRecord","","","","","","INPUT","text","Address_AddressLine1","351 St Kilda Road","","","","","",""
"25","2019-10-21T00:42:15.416Z","vleno","Chrome","paste","https://forms.zoho.com/universityofmelbourne/form/NewRecord","351 St Kilda Road, Melbourne, VIC 3004, Australia","","","","","INPUT","text","Address_City","","","","","","",""
"25","2019-10-21T00:42:20.513Z","vleno","Chrome","editField","https://forms.zoho.com/universityofmelbourne/form/NewRecord","","","","","","INPUT","text","Address_City","Melbourne","","","","","",""
"25","2019-10-21T00:42:21.249Z","vleno","Chrome","paste","https://forms.zoho.com/universityofmelbourne/form/NewRecord","351 St Kilda Road, Melbourne, VIC 3004, Australia","","","","","INPUT","text","Address_Region","","","","","","",""
"25","2019-10-21T00:42:26.065Z","vleno","Chrome","editField","https://forms.zoho.com/universityofmelbourne/form/NewRecord","","","","","","INPUT","text","Address_Region","VIC","","","","","",""
"25","2019-10-21T00:42:26.833Z","vleno","Chrome","paste","https://forms.zoho.com/universityofmelbourne/form/NewRecord","351 St Kilda Road, Melbourne, VIC 3004, Australia","","","","","INPUT","text","Address_ZipCode","","","","","","",""
"25","2019-10-21T00:42:31.529Z","vleno","Chrome","editField","https://forms.zoho.com/universityofmelbourne/form/NewRecord","","","","","","INPUT","text","Address_ZipCode","3004","","","","","",""
"25","2019-10-21T00:42:34.634Z","vleno","Chrome","clickButton","https://forms.zoho.com/universityofmelbourne/form/NewRecord","","","","","","BUTTON","submit","","submit","Submit","","","","","\n<em>Submit</em>\n"
"35","2019-10-21T00:55:19.121Z","vleno","Excel","copyCell","","36 South Wharf Drive, Docklands, VIC 3008, Australia","StudentRecords.xlsx","Sheet1","G36","","","","","36 South Wharf Drive, Docklands, VIC 3008, Australia","","","","","",""
"35","2019-10-21T00:55:20.849Z","vleno","Chrome","paste","https://forms.zoho.com/universityofmelbourne/form/NewRecord","36 South Wharf Drive, Docklands, VIC 3008, Australia","","","","","INPUT","text","Address_AddressLine1","","","","","","",""
"35","2019-10-21T00:55:24.626Z","vleno","Chrome","editField","https://forms.zoho.com/universityofmelbourne/form/NewRecord","","","","","","INPUT","text","Address_AddressLine1","36 South Wharf Drive","","","","","",""
"35","2019-10-21T00:55:25.282Z","vleno","Chrome","paste","https://forms.zoho.com/universityofmelbourne/form/NewRecord","36 South Wharf Drive, Docklands, VIC 3008, Australia","","","","","INPUT","text","Address_City","","","","","","",""
"35","2019-10-21T00:55:30.569Z","vleno","Chrome","editField","https://forms.zoho.com/universityofmelbourne/form/NewRecord","","","","","","INPUT","text","Address_City","Docklands","","","","","",""
"35","2019-10-21T00:55:31.321Z","vleno","Chrome","paste","https://forms.zoho.com/universityofmelbourne/form/NewRecord","36 South Wharf Drive, Docklands, VIC 3008, Australia","","","","","INPUT","text","Address_Region","","","","","","",""
"35","2019-10-21T00:55:36.522Z","vleno","Chrome","editField","https://forms.zoho.com/universityofmelbourne/form/NewRecord","","","","","","INPUT","text","Address_Region","VIC","","","","","",""
"35","2019-10-21T00:55:37.641Z","vleno","Chrome","paste","https://forms.zoho.com/universityofmelbourne/form/NewRecord","36 South Wharf Drive, Docklands, VIC 3008, Australia","","","","","INPUT","text","Address_ZipCode","","","","","","",""
"35","2019-10-21T00:55:42.241Z","vleno","Chrome","editField","https://forms.zoho.com/universityofmelbourne/form/NewRecord","","","","","","INPUT","text","Address_ZipCode","3008","","","","","",""
"35","2019-10-21T00:55:50.004Z","vleno","Chrome","clickButton","https://forms.zoho.com/universityofmelbourne/form/NewRecord","","","","","","BUTTON","submit","","submit","Submit","","","","","\n<em>Submit</em>\n"
"45","2019-10-21T01:08:04.793Z","vleno","Excel","copyCell","","5 Lincoln Mew, Kensington, VIC 3031, Australia","StudentRecords.xlsx","Sheet1","G46","","","","","5 Lincoln Mew, Kensington, VIC 3031, Australia","","","","","",""
"45","2019-10-21T01:08:06.314Z","vleno","Chrome","paste","https://forms.zoho.com/universityofmelbourne/form/NewRecord","5 Lincoln Mew, Kensington, VIC 3031, Australia","","","","","INPUT","text","Address_AddressLine1","","","","","","",""
"45","2019-10-21T01:08:09.809Z","vleno","Chrome","editField","https://forms.zoho.com/universityofmelbourne/form/NewRecord","","","","","","INPUT","text","Address_AddressLine1","5 Lincoln Mew","","","","","",""
"45","2019-10-21T01:08:10.080Z","vleno","Chrome","paste","https://forms.zoho.com/universityofmelbourne/form/NewRecord","5 Lincoln Mew, Kensington, VIC 3031, Australia","","","","","INPUT","text","Address_City","","","","","","",""
"45","2019-10-21T01:08:15.089Z","vleno","Chrome","editField","https://forms.zoho.com/universityofmelbourne/form/NewRecord","","","","","","INPUT","text","Address_City","Kensington","","","","","",""
"45","2019-10-21T01:08:15.984Z","vleno","Chrome","paste","https://forms.zoho.com/universityofmelbourne/form/NewRecord","5 Lincoln Mew, Kensington, VIC 3031, Australia","","","","","INPUT","text","Address_Region","","","","","","",""
"45","2019-10-21T01:08:20.193Z","vleno","Chrome","editField","https://forms.zoho.com/universityofmelbourne/form/NewRecord","","","","","","INPUT","text","Address_Region","VIC","","","","","",""
"45","2019-10-21T01:08:21.000Z","vleno","Chrome","paste","https://forms.zoho.com/universityofmelbourne/form/NewRecord","5 Lincoln Mew, Kensington, VIC 3031, Australia","","","","","INPUT","text","Address_ZipCode","","","","","","",""
"45","2019-10-21T01:08:25.609Z","vleno","Chrome","editField","https://forms.zoho.com/universityofmelbourne/form/NewRecord","","","","","","INPUT","text","Address_ZipCode","3031","","","","","",""
"45","2019-10-21T01:08:28.911Z","vleno","Chrome","clickButton","https://forms.zoho.com/universityofmelbourne/form/NewRecord","","","","","","BUTTON","submit","","submit","Submit","","","","","\n<em>Submit</em>\n"
"16","2019-10-21T00:30:44.904Z","vleno","Excel","copyCell","","7 Orion Mews, Port Melbourne, VIC 3207, Australia","StudentRecords.xlsx","Sheet1","G17","","","","","7 Orion Mews, Port Melbourne, VIC 3207, Australia","","","","","",""
"16","2019-10-21T00:30:46.441Z","vleno","Chrome","paste","https://forms.zoho.com/universityofmelbourne/form/NewRecord","7 Orion Mews, Port Melbourne, VIC 3207, Australia","","","","","INPUT","text","Address_AddressLine1","","","","","","",""
"16","2019-10-21T00:30:49.649Z","vleno","Chrome","editField","https://forms.zoho.com/universityofmelbourne/form/NewRecord","","","","","","INPUT","text","Address_AddressLine1","7 Orion Mews","","","","","",""
"16","2019-10-21T00:30:49.952Z","vleno","Chrome","paste","https://forms.zoho.com/universityofmelbourne/form/NewRecord","7 Orion Mews, Port Melbourne, VIC 3207, Australia","","","","","INPUT","text","Address_City","","","","","","",""
"16","2019-10-21T00:30:55.057Z","vleno","Chrome","editField","https://forms.zoho.com/universityofmelbourne/form/NewRecord","","","","","","INPUT","text","Address_City","Port Melbourne","","","","","",""
"16","2019-10-21T00:30:55.936Z","vleno","Chrome","copy","https://forms.zoho.com/universityofmelbourne/form/NewRecord","","","","","","INPUT","text","Address_Region","","","","","","",""
"16","2019-10-21T00:30:55.938Z","vleno","Chrome","paste","https://forms.zoho.com/universityofmelbourne/form/NewRecord","7 Orion Mews, Port Melbourne, VIC 3207, Australia","","","","","INPUT","text","Address_Region","","","","","","",""
"16","2019-10-21T00:31:01.825Z","vleno","Chrome","editField","https://forms.zoho.com/universityofmelbourne/form/NewRecord","","","","","","INPUT","text","Address_Region","VIC","","","","","",""
"16","2019-10-21T00:31:02.648Z","vleno","Chrome","paste","https://forms.zoho.com/universityofmelbourne/form/NewRecord","7 Orion Mews, Port Melbourne, VIC 3207, Australia","","","","","INPUT","text","Address_ZipCode","","","","","","",""
"16","2019-10-21T00:31:07.953Z","vleno","Chrome","editField","https://forms.zoho.com/universityofmelbourne/form/NewRecord","","","","","","INPUT","text","Address_ZipCode","3207","","","","","",""
"16","2019-10-21T00:31:12.608Z","vleno","Chrome","clickButton","https://forms.zoho.com/universityofmelbourne/form/NewRecord","","","","","","BUTTON","submit","","submit","Submit","","","","","\n<em>Submit</em>\n"
"26","2019-10-21T00:43:18.180Z","vleno","Excel","copyCell","","27 Blackwood Street, North Melbourne, VIC 3051, Australia","StudentRecords.xlsx","Sheet1","G27","","","","","27 Blackwood Street, North Melbourne, VIC 3051, Australia","","","","","",""
"26","2019-10-21T00:43:19.882Z","vleno","Chrome","paste","https://forms.zoho.com/universityofmelbourne/form/NewRecord","27 Blackwood Street, North Melbourne, VIC 3051, Australia","","","","","INPUT","text","Address_AddressLine1","","","","","","",""
"26","2019-10-21T00:43:23.850Z","vleno","Chrome","editField","https://forms.zoho.com/universityofmelbourne/form/NewRecord","","","","","","INPUT","text","Address_AddressLine1","27 Blackwood Street","","","","","",""
"26","2019-10-21T00:43:24.129Z","vleno","Chrome","paste","https://forms.zoho.com/universityofmelbourne/form/NewRecord","27 Blackwood Street, North Melbourne, VIC 3051, Australia","","","","","INPUT","text","Address_City","","","","","","",""
"26","2019-10-21T00:43:31.105Z","vleno","Chrome","editField","https://forms.zoho.com/universityofmelbourne/form/NewRecord","","","","","","INPUT","text","Address_City","North Melbourne","","","","","",""
"26","2019-10-21T00:43:31.921Z","vleno","Chrome","paste","https://forms.zoho.com/universityofmelbourne/form/NewRecord","27 Blackwood Street, North Melbourne, VIC 3051, Australia","","","","","INPUT","text","Address_Region","","","","","","",""
"26","2019-10-21T00:43:37.138Z","vleno","Chrome","editField","https://forms.zoho.com/universityofmelbourne/form/NewRecord","","","","","","INPUT","text","Address_Region","VIC","","","","","",""
"26","2019-10-21T00:43:38.025Z","vleno","Chrome","paste","https://forms.zoho.com/universityofmelbourne/form/NewRecord","27 Blackwood Street, North Melbourne, VIC 3051, Australia","","","","","INPUT","text","Address_ZipCode","","","","","","",""
"26","2019-10-21T00:43:43.170Z","vleno","Chrome","editField","https://forms.zoho.com/universityofmelbourne/form/NewRecord","","","","","","INPUT","text","Address_ZipCode","3051","","","","","",""
"26","2019-10-21T00:43:47.095Z","vleno","Chrome","clickButton","https://forms.zoho.com/universityofmelbourne/form/NewRecord","","","","","","BUTTON","submit","","submit","Submit","","","","","\n<em>Submit</em>\n"
"36","2019-10-21T00:56:48.170Z","vleno","Excel","copyCell","","6 Foundry Way, Docklands, VIC 3008, Australia","StudentRecords.xlsx","Sheet1","G37","","","","","6 Foundry Way, Docklands, VIC 3008, Australia","","","","","",""
"36","2019-10-21T00:56:50.521Z","vleno","Chrome","paste","https://forms.zoho.com/universityofmelbourne/form/NewRecord","6 Foundry Way, Docklands, VIC 3008, Australia","","","","","INPUT","text","Address_AddressLine1","","","","","","",""
"36","2019-10-21T00:56:53.770Z","vleno","Chrome","editField","https://forms.zoho.com/universityofmelbourne/form/NewRecord","","","","","","INPUT","text","Address_AddressLine1","6 Foundry Way","","","","","",""
"36","2019-10-21T00:56:54.049Z","vleno","Chrome","paste","https://forms.zoho.com/universityofmelbourne/form/NewRecord","6 Foundry Way, Docklands, VIC 3008, Australia","","","","","INPUT","text","Address_City","","","","","","",""
"36","2019-10-21T00:57:02.233Z","vleno","Chrome","editField","https://forms.zoho.com/universityofmelbourne/form/NewRecord","","","","","","INPUT","text","Address_City","Docklands","","","","","",""
"36","2019-10-21T00:57:04.577Z","vleno","Chrome","paste","https://forms.zoho.com/universityofmelbourne/form/NewRecord","6 Foundry Way, Docklands, VIC 3008, Australia","","","","","INPUT","text","Address_Region","","","","","","",""
"36","2019-10-21T00:57:09.225Z","vleno","Chrome","editField","https://forms.zoho.com/universityofmelbourne/form/NewRecord","","","","","","INPUT","text","Address_Region","VIC","","","","","",""
"36","2019-10-21T00:57:10.161Z","vleno","Chrome","paste","https://forms.zoho.com/universityofmelbourne/form/NewRecord","6 Foundry Way, Docklands, VIC 3008, Australia","","","","","INPUT","text","Address_ZipCode","","","","","","",""
"36","2019-10-21T00:57:14.697Z","vleno","Chrome","editField","https://forms.zoho.com/universityofmelbourne/form/NewRecord","","","","","","INPUT","text","Address_ZipCode","3008","","","","","",""
"36","2019-10-21T00:57:19.294Z","vleno","Chrome","clickButton","https://forms.zoho.com/universityofmelbourne/form/NewRecord","","","","","","BUTTON","submit","","submit","Submit","","","","","\n<em>Submit</em>\n"
"46","2019-10-21T01:09:09.809Z","vleno","Excel","copyCell","","301 Lonsdale Street, Melbourne, VIC 3004, Australia","StudentRecords.xlsx","Sheet1","G47","","","","","301 Lonsdale Street, Melbourne, VIC 3004, Australia","","","","","",""
"46","2019-10-21T01:09:11.209Z","vleno","Chrome","paste","https://forms.zoho.com/universityofmelbourne/form/NewRecord","301 Lonsdale Street, Melbourne, VIC 3004, Australia","","","","","INPUT","text","Address_AddressLine1","","","","","","",""
"46","2019-10-21T01:09:14.617Z","vleno","Chrome","editField","https://forms.zoho.com/universityofmelbourne/form/NewRecord","","","","","","INPUT","text","Address_AddressLine1","301 Lonsdale Street","","","","","",""
"46","2019-10-21T01:09:14.857Z","vleno","Chrome","paste","https://forms.zoho.com/universityofmelbourne/form/NewRecord","301 Lonsdale Street, Melbourne, VIC 3004, Australia","","","","","INPUT","text","Address_City","","","","","","",""
"46","2019-10-21T01:09:20.369Z","vleno","Chrome","editField","https://forms.zoho.com/universityofmelbourne/form/NewRecord","","","","","","INPUT","text","Address_City","Melbourne","","","","","",""
"46","2019-10-21T01:09:21.249Z","vleno","Chrome","paste","https://forms.zoho.com/universityofmelbourne/form/NewRecord","301 Lonsdale Street, Melbourne, VIC 3004, Australia","","","","","INPUT","text","Address_Region","","","","","","",""
"46","2019-10-21T01:09:26.009Z","vleno","Chrome","editField","https://forms.zoho.com/universityofmelbourne/form/NewRecord","","","","","","INPUT","text","Address_Region","VIC","","","","","",""
"46","2019-10-21T01:09:26.849Z","vleno","Chrome","paste","https://forms.zoho.com/universityofmelbourne/form/NewRecord","301 Lonsdale Street, Melbourne, VIC 3004, Australia","","","","","INPUT","text","Address_ZipCode","","","","","","",""
"46","2019-10-21T01:09:31.457Z","vleno","Chrome","editField","https://forms.zoho.com/universityofmelbourne/form/NewRecord","","","","","","INPUT","text","Address_ZipCode","3004","","","","","",""
"46","2019-10-21T01:09:35.392Z","vleno","Chrome","clickButton","https://forms.zoho.com/universityofmelbourne/form/NewRecord","","","","","","BUTTON","submit","","submit","Submit","","","","","\n<em>Submit</em>\n"
"17","2019-10-21T00:31:57.857Z","vleno","Excel","copyCell","","14 The Bend, Port Melbourne, VIC 3207, Australia","StudentRecords.xlsx","Sheet1","G18","","","","","14 The Bend, Port Melbourne, VIC 3207, Australia","","","","","",""
"17","2019-10-21T00:31:59.609Z","vleno","Chrome","paste","https://forms.zoho.com/universityofmelbourne/form/NewRecord","14 The Bend, Port Melbourne, VIC 3207, Australia","","","","","INPUT","text","Address_AddressLine1","","","","","","",""
"17","2019-10-21T00:32:03.234Z","vleno","Chrome","editField","https://forms.zoho.com/universityofmelbourne/form/NewRecord","","","","","","INPUT","text","Address_AddressLine1","14 The Bend","","","","","",""
"17","2019-10-21T00:32:03.521Z","vleno","Chrome","paste","https://forms.zoho.com/universityofmelbourne/form/NewRecord","14 The Bend, Port Melbourne, VIC 3207, Australia","","","","","INPUT","text","Address_City","","","","","","",""
"17","2019-10-21T00:32:09.162Z","vleno","Chrome","editField","https://forms.zoho.com/universityofmelbourne/form/NewRecord","","","","","","INPUT","text","Address_City","Port Melbourne","","","","","",""
"17","2019-10-21T00:32:10.025Z","vleno","Chrome","paste","https://forms.zoho.com/universityofmelbourne/form/NewRecord","14 The Bend, Port Melbourne, VIC 3207, Australia","","","","","INPUT","text","Address_Region","","","","","","",""
"17","2019-10-21T00:32:14.705Z","vleno","Chrome","editField","https://forms.zoho.com/universityofmelbourne/form/NewRecord","","","","","","INPUT","text","Address_Region","VIC","","","","","",""
"17","2019-10-21T00:32:15.601Z","vleno","Chrome","paste","https://forms.zoho.com/universityofmelbourne/form/NewRecord","14 The Bend, Port Melbourne, VIC 3207, Australia","","","","","INPUT","text","Address_ZipCode","","","","","","",""
"17","2019-10-21T00:32:20.482Z","vleno","Chrome","editField","https://forms.zoho.com/universityofmelbourne/form/NewRecord","","","","","","INPUT","text","Address_ZipCode","3207","","","","","",""
"17","2019-10-21T00:32:23.240Z","vleno","Chrome","clickButton","https://forms.zoho.com/universityofmelbourne/form/NewRecord","","","","","","BUTTON","submit","","submit","Submit","","","","","\n<em>Submit</em>\n"
"27","2019-10-21T00:44:42.812Z","vleno","Excel","copyCell","","18 Wilson Mews, North Melbourne, VIC 3051, Australia","StudentRecords.xlsx","Sheet1","G28","","","","","18 Wilson Mews, North Melbourne, VIC 3051, Australia","","","","","",""
"27","2019-10-21T00:44:47.025Z","vleno","Chrome","paste","https://forms.zoho.com/universityofmelbourne/form/NewRecord","18 Wilson Mews, North Melbourne, VIC 3051, Australia","","","","","INPUT","text","Address_AddressLine1","","","","","","",""
"27","2019-10-21T00:44:55.009Z","vleno","Chrome","editField","https://forms.zoho.com/universityofmelbourne/form/NewRecord","","","","","","INPUT","text","Address_AddressLine1","18 Wilson Mews","","","","","",""
"27","2019-10-21T00:44:55.280Z","vleno","Chrome","paste","https://forms.zoho.com/universityofmelbourne/form/NewRecord","18 Wilson Mews, North Melbourne, VIC 3051, Australia","","","","","INPUT","text","Address_City","","","","","","",""
"27","2019-10-21T00:45:00.753Z","vleno","Chrome","editField","https://forms.zoho.com/universityofmelbourne/form/NewRecord","","","","","","INPUT","text","Address_City","North Melbourne","","","","","",""
"27","2019-10-21T00:45:02.008Z","vleno","Chrome","paste","https://forms.zoho.com/universityofmelbourne/form/NewRecord","18 Wilson Mews, North Melbourne, VIC 3051, Australia","","","","","INPUT","text","Address_Region","","","","","","",""
"27","2019-10-21T00:45:06.745Z","vleno","Chrome","editField","https://forms.zoho.com/universityofmelbourne/form/NewRecord","","","","","","INPUT","text","Address_Region","VIC","","","","","",""
"27","2019-10-21T00:45:07.593Z","vleno","Chrome","paste","https://forms.zoho.com/universityofmelbourne/form/NewRecord","18 Wilson Mews, North Melbourne, VIC 3051, Australia","","","","","INPUT","text","Address_ZipCode","","","","","","",""
"27","2019-10-21T00:45:12.417Z","vleno","Chrome","editField","https://forms.zoho.com/universityofmelbourne/form/NewRecord","","","","","","INPUT","text","Address_ZipCode","3051","","","","","",""
"27","2019-10-21T00:45:16.210Z","vleno","Chrome","clickButton","https://forms.zoho.com/universityofmelbourne/form/NewRecord","","","","","","BUTTON","submit","","submit","Submit","","","","","\n<em>Submit</em>\n"
"37","2019-10-21T00:58:01.616Z","vleno","Excel","copyCell","","43 South Wharf Promenade, South Wharf, VIC 3006, Australia","StudentRecords.xlsx","Sheet1","G38","","","","","43 South Wharf Promenade, South Wharf, VIC 3006, Australia","","","","","",""
"37","2019-10-21T00:58:03.089Z","vleno","Chrome","paste","https://forms.zoho.com/universityofmelbourne/form/NewRecord","43 South Wharf Promenade, South Wharf, VIC 3006, Australia","","","","","INPUT","text","Address_AddressLine1","","","","","","",""
"37","2019-10-21T00:58:06.002Z","vleno","Chrome","editField","https://forms.zoho.com/universityofmelbourne/form/NewRecord","","","","","","INPUT","text","Address_AddressLine1","43 South Wharf Promenade","","","","","",""
"37","2019-10-21T00:58:06.353Z","vleno","Chrome","paste","https://forms.zoho.com/universityofmelbourne/form/NewRecord","43 South Wharf Promenade, South Wharf, VIC 3006, Australia","","","","","INPUT","text","Address_City","","","","","","",""
"37","2019-10-21T00:58:12.882Z","vleno","Chrome","editField","https://forms.zoho.com/universityofmelbourne/form/NewRecord","","","","","","INPUT","text","Address_City","South Wharf","","","","","",""
"37","2019-10-21T00:58:13.913Z","vleno","Chrome","paste","https://forms.zoho.com/universityofmelbourne/form/NewRecord","43 South Wharf Promenade, South Wharf, VIC 3006, Australia","","","","","INPUT","text","Address_Region","","","","","","",""
"37","2019-10-21T00:58:19.851Z","vleno","Chrome","editField","https://forms.zoho.com/universityofmelbourne/form/NewRecord","","","","","","INPUT","text","Address_Region","VIC","","","","","",""
"37","2019-10-21T00:58:20.737Z","vleno","Chrome","paste","https://forms.zoho.com/universityofmelbourne/form/NewRecord","43 South Wharf Promenade, South Wharf, VIC 3006, Australia","","","","","INPUT","text","Address_ZipCode","","","","","","",""
"37","2019-10-21T00:58:25.873Z","vleno","Chrome","editField","https://forms.zoho.com/universityofmelbourne/form/NewRecord","","","","","","INPUT","text","Address_ZipCode","3006","","","","","",""
"37","2019-10-21T00:58:29.353Z","vleno","Chrome","clickButton","https://forms.zoho.com/universityofmelbourne/form/NewRecord","","","","","","BUTTON","submit","","submit","Submit","","","","","\n<em>Submit</em>\n"
"47","2019-10-21T01:10:18.228Z","vleno","Excel","copyCell","","143 Nicholson Street, Carlton, VIC 3067, Australia","StudentRecords.xlsx","Sheet1","G48","","","","","143 Nicholson Street, Carlton, VIC 3067, Australia","","","","","",""
"47","2019-10-21T01:10:19.953Z","vleno","Chrome","paste","https://forms.zoho.com/universityofmelbourne/form/NewRecord","143 Nicholson Street, Carlton, VIC 3067, Australia","","","","","INPUT","text","Address_AddressLine1","","","","","","",""
"47","2019-10-21T01:10:23.033Z","vleno","Chrome","editField","https://forms.zoho.com/universityofmelbourne/form/NewRecord","","","","","","INPUT","text","Address_AddressLine1","143 Nicholson Street","","","","","",""
"47","2019-10-21T01:10:23.321Z","vleno","Chrome","paste","https://forms.zoho.com/universityofmelbourne/form/NewRecord","143 Nicholson Street, Carlton, VIC 3067, Australia","","","","","INPUT","text","Address_City","","","","","","",""
"47","2019-10-21T01:10:28.233Z","vleno","Chrome","editField","https://forms.zoho.com/universityofmelbourne/form/NewRecord","","","","","","INPUT","text","Address_City","Carlton","","","","","",""
"47","2019-10-21T01:10:28.969Z","vleno","Chrome","paste","https://forms.zoho.com/universityofmelbourne/form/NewRecord","143 Nicholson Street, Carlton, VIC 3067, Australia","","","","","INPUT","text","Address_Region","","","","","","",""
"47","2019-10-21T01:10:29.028Z","vleno","Excel","copyCell","","143 Nicholson Street, Carlton, VIC 3067, Australia","StudentRecords.xlsx","Sheet1","G48","","","","","143 Nicholson Street, Carlton, VIC 3067, Australia","","","","","",""
"47","2019-10-21T01:10:33.617Z","vleno","Chrome","editField","https://forms.zoho.com/universityofmelbourne/form/NewRecord","","","","","","INPUT","text","Address_Region","VIC","","","","","",""
"47","2019-10-21T01:10:34.369Z","vleno","Chrome","paste","https://forms.zoho.com/universityofmelbourne/form/NewRecord","143 Nicholson Street, Carlton, VIC 3067, Australia","","","","","INPUT","text","Address_ZipCode","","","","","","",""
"47","2019-10-21T01:10:39.218Z","vleno","Chrome","editField","https://forms.zoho.com/universityofmelbourne/form/NewRecord","","","","","","INPUT","text","Address_ZipCode","3067","","","","","",""
"47","2019-10-21T01:10:42.989Z","vleno","Chrome","clickButton","https://forms.zoho.com/universityofmelbourne/form/NewRecord","","","","","","BUTTON","submit","","submit","Submit","","","","","\n<em>Submit</em>\n"
"18","2019-10-21T00:33:13.765Z","vleno","Excel","copyCell","","128 Farrell St, Port Melbourne, VIC 3207, Australia","StudentRecords.xlsx","Sheet1","G19","","","","","128 Farrell St, Port Melbourne, VIC 3207, Australia","","","","","",""
"18","2019-10-21T00:33:15.633Z","vleno","Chrome","paste","https://forms.zoho.com/universityofmelbourne/form/NewRecord","128 Farrell St, Port Melbourne, VIC 3207, Australia","","","","","INPUT","text","Address_AddressLine1","","","","","","",""
"18","2019-10-21T00:33:15.685Z","vleno","Excel","copyCell","","128 Farrell St, Port Melbourne, VIC 3207, Australia","StudentRecords.xlsx","Sheet1","G19","","","","","128 Farrell St, Port Melbourne, VIC 3207, Australia","","","","","",""
"18","2019-10-21T00:33:18.611Z","vleno","Chrome","editField","https://forms.zoho.com/universityofmelbourne/form/NewRecord","","","","","","INPUT","text","Address_AddressLine1","128 Farrell St","","","","","",""
"18","2019-10-21T00:33:19.401Z","vleno","Chrome","paste","https://forms.zoho.com/universityofmelbourne/form/NewRecord","128 Farrell St, Port Melbourne, VIC 3207, Australia","","","","","INPUT","text","Address_City","","","","","","",""
"18","2019-10-21T00:33:25.642Z","vleno","Chrome","editField","https://forms.zoho.com/universityofmelbourne/form/NewRecord","","","","","","INPUT","text","Address_City","Port Melbourne","","","","","",""
"18","2019-10-21T00:33:26.353Z","vleno","Chrome","paste","https://forms.zoho.com/universityofmelbourne/form/NewRecord","128 Farrell St, Port Melbourne, VIC 3207, Australia","","","","","INPUT","text","Address_Region","","","","","","",""
"18","2019-10-21T00:33:31.297Z","vleno","Chrome","editField","https://forms.zoho.com/universityofmelbourne/form/NewRecord","","","","","","INPUT","text","Address_Region","VIC","","","","","",""
"18","2019-10-21T00:33:32.145Z","vleno","Chrome","paste","https://forms.zoho.com/universityofmelbourne/form/NewRecord","128 Farrell St, Port Melbourne, VIC 3207, Australia","","","","","INPUT","text","Address_ZipCode","","","","","","",""
"18","2019-10-21T00:33:36.762Z","vleno","Chrome","editField","https://forms.zoho.com/universityofmelbourne/form/NewRecord","","","","","","INPUT","text","Address_ZipCode","3207","","","","","",""
"18","2019-10-21T00:33:41.136Z","vleno","Chrome","clickButton","https://forms.zoho.com/universityofmelbourne/form/NewRecord","","","","","","BUTTON","submit","","submit","Submit","","","","","\n<em>Submit</em>\n"
"28","2019-10-21T00:45:59.182Z","vleno","Excel","copyCell","","266 Lorimer Street, Fishermans Band, VIC 3207, Australia","StudentRecords.xlsx","Sheet1","G29","","","","","266 Lorimer Street, Fishermans Band, VIC 3207, Australia","","","","","",""
"28","2019-10-21T00:46:01.057Z","vleno","Chrome","paste","https://forms.zoho.com/universityofmelbourne/form/NewRecord","266 Lorimer Street, Fishermans Band, VIC 3207, Australia","","","","","INPUT","text","Address_AddressLine1","","","","","","",""
"28","2019-10-21T00:46:05.601Z","vleno","Chrome","editField","https://forms.zoho.com/universityofmelbourne/form/NewRecord","","","","","","INPUT","text","Address_AddressLine1","266 Lorimer Street","","","","","",""
"28","2019-10-21T00:46:06.313Z","vleno","Chrome","paste","https://forms.zoho.com/universityofmelbourne/form/NewRecord","266 Lorimer Street, Fishermans Band, VIC 3207, Australia","","","","","INPUT","text","Address_City","","","","","","",""
"28","2019-10-21T00:46:11.833Z","vleno","Chrome","editField","https://forms.zoho.com/universityofmelbourne/form/NewRecord","","","","","","INPUT","text","Address_City","Fishermans Band","","","","","",""
"28","2019-10-21T00:46:12.633Z","vleno","Chrome","paste","https://forms.zoho.com/universityofmelbourne/form/NewRecord","266 Lorimer Street, Fishermans Band, VIC 3207, Australia","","","","","INPUT","text","Address_Region","","","","","","",""
"28","2019-10-21T00:46:17.457Z","vleno","Chrome","editField","https://forms.zoho.com/universityofmelbourne/form/NewRecord","","","","","","INPUT","text","Address_Region","VIC","","","","","",""
"28","2019-10-21T00:46:18.305Z","vleno","Chrome","paste","https://forms.zoho.com/universityofmelbourne/form/NewRecord","266 Lorimer Street, Fishermans Band, VIC 3207, Australia","","","","","INPUT","text","Address_ZipCode","","","","","","",""
"28","2019-10-21T00:46:23.369Z","vleno","Chrome","editField","https://forms.zoho.com/universityofmelbourne/form/NewRecord","","","","","","INPUT","text","Address_ZipCode","3207","","","","","",""
"28","2019-10-21T00:46:26.886Z","vleno","Chrome","clickButton","https://forms.zoho.com/universityofmelbourne/form/NewRecord","","","","","","BUTTON","submit","","submit","Submit","","","","","\n<em>Submit</em>\n"
"38","2019-10-21T00:59:07.838Z","vleno","Excel","copyCell","","10 Curzon Place, North Melbourne, VIC 3051, Australia","StudentRecords.xlsx","Sheet1","G39","","","","","10 Curzon Place, North Melbourne, VIC 3051, Australia","","","","","",""
"38","2019-10-21T00:59:09.425Z","vleno","Chrome","paste","https://forms.zoho.com/universityofmelbourne/form/NewRecord","10 Curzon Place, North Melbourne, VIC 3051, Australia","","","","","INPUT","text","Address_AddressLine1","","","","","","",""
"38","2019-10-21T00:59:12.569Z","vleno","Chrome","editField","https://forms.zoho.com/universityofmelbourne/form/NewRecord","","","","","","INPUT","text","Address_AddressLine1","10 Curzon Place","","","","","",""
"38","2019-10-21T00:59:12.969Z","vleno","Chrome","paste","https://forms.zoho.com/universityofmelbourne/form/NewRecord","10 Curzon Place, North Melbourne, VIC 3051, Australia","","","","","INPUT","text","Address_City","","","","","","",""
"38","2019-10-21T00:59:18.090Z","vleno","Chrome","editField","https://forms.zoho.com/universityofmelbourne/form/NewRecord","","","","","","INPUT","text","Address_City","North Melbourne","","","","","",""
"38","2019-10-21T00:59:18.913Z","vleno","Chrome","paste","https://forms.zoho.com/universityofmelbourne/form/NewRecord","10 Curzon Place, North Melbourne, VIC 3051, Australia","","","","","INPUT","text","Address_Region","","","","","","",""
"38","2019-10-21T00:59:24.194Z","vleno","Chrome","editField","https://forms.zoho.com/universityofmelbourne/form/NewRecord","","","","","","INPUT","text","Address_Region","VIC","","","","","",""
"38","2019-10-21T00:59:25.025Z","vleno","Chrome","paste","https://forms.zoho.com/universityofmelbourne/form/NewRecord","10 Curzon Place, North Melbourne, VIC 3051, Australia","","","","","INPUT","text","Address_ZipCode","","","","","","",""
"38","2019-10-21T00:59:30.466Z","vleno","Chrome","editField","https://forms.zoho.com/universityofmelbourne/form/NewRecord","","","","","","INPUT","text","Address_ZipCode","3051","","","","","",""
"38","2019-10-21T00:59:36.390Z","vleno","Chrome","clickButton","https://forms.zoho.com/universityofmelbourne/form/NewRecord","","","","","","BUTTON","submit","","submit","Submit","","","","","\n<em>Submit</em>\n"
"48","2019-10-21T01:11:25.448Z","vleno","Excel","copyCell","","88 Ireland Street, West Melbourne, VIC 3003, Australia","StudentRecords.xlsx","Sheet1","G49","","","","","88 Ireland Street, West Melbourne, VIC 3003, Australia","","","","","",""
"48","2019-10-21T01:11:27.097Z","vleno","Chrome","paste","https://forms.zoho.com/universityofmelbourne/form/NewRecord","88 Ireland Street, West Melbourne, VIC 3003, Australia","","","","","INPUT","text","Address_AddressLine1","","","","","","",""
"48","2019-10-21T01:11:30.457Z","vleno","Chrome","editField","https://forms.zoho.com/universityofmelbourne/form/NewRecord","","","","","","INPUT","text","Address_AddressLine1","88 Ireland Street","","","","","",""
"48","2019-10-21T01:11:30.728Z","vleno","Chrome","paste","https://forms.zoho.com/universityofmelbourne/form/NewRecord","88 Ireland Street, West Melbourne, VIC 3003, Australia","","","","","INPUT","text","Address_City","","","","","","",""
"48","2019-10-21T01:11:35.721Z","vleno","Chrome","editField","https://forms.zoho.com/universityofmelbourne/form/NewRecord","","","","","","INPUT","text","Address_City","West Melbourne","","","","","",""
"48","2019-10-21T01:11:36.424Z","vleno","Chrome","paste","https://forms.zoho.com/universityofmelbourne/form/NewRecord","88 Ireland Street, West Melbourne, VIC 3003, Australia","","","","","INPUT","text","Address_Region","","","","","","",""
"48","2019-10-21T01:11:42.033Z","vleno","Chrome","editField","https://forms.zoho.com/universityofmelbourne/form/NewRecord","","","","","","INPUT","text","Address_Region","VIC","","","","","",""
"48","2019-10-21T01:11:42.953Z","vleno","Chrome","paste","https://forms.zoho.com/universityofmelbourne/form/NewRecord","88 Ireland Street, West Melbourne, VIC 3003, Australia","","","","","INPUT","text","Address_ZipCode","","","","","","",""
"48","2019-10-21T01:11:48.601Z","vleno","Chrome","editField","https://forms.zoho.com/universityofmelbourne/form/NewRecord","","","","","","INPUT","text","Address_ZipCode","3003","","","","","",""
"48","2019-10-21T01:11:52.221Z","vleno","Chrome","clickButton","https://forms.zoho.com/universityofmelbourne/form/NewRecord","","","","","","BUTTON","submit","","submit","Submit","","","","","\n<em>Submit</em>\n"
"19","2019-10-21T00:34:21.845Z","vleno","Excel","copyCell","","117 Farrell St, Port Melbourne, VIC 3207, Australia","StudentRecords.xlsx","Sheet1","G20","","","","","117 Farrell St, Port Melbourne, VIC 3207, Australia","","","","","",""
"19","2019-10-21T00:34:23.536Z","vleno","Chrome","paste","https://forms.zoho.com/universityofmelbourne/form/NewRecord","117 Farrell St, Port Melbourne, VIC 3207, Australia","","","","","INPUT","text","Address_AddressLine1","","","","","","",""
"19","2019-10-21T00:34:26.913Z","vleno","Chrome","editField","https://forms.zoho.com/universityofmelbourne/form/NewRecord","","","","","","INPUT","text","Address_AddressLine1","117 Farrell St","","","","","",""
"19","2019-10-21T00:34:27.168Z","vleno","Chrome","paste","https://forms.zoho.com/universityofmelbourne/form/NewRecord","117 Farrell St, Port Melbourne, VIC 3207, Australia","","","","","INPUT","text","Address_City","","","","","","",""
"19","2019-10-21T00:34:32.321Z","vleno","Chrome","editField","https://forms.zoho.com/universityofmelbourne/form/NewRecord","","","","","","INPUT","text","Address_City","Port Melbourne","","","","","",""
"19","2019-10-21T00:34:33.152Z","vleno","Chrome","paste","https://forms.zoho.com/universityofmelbourne/form/NewRecord","117 Farrell St, Port Melbourne, VIC 3207, Australia","","","","","INPUT","text","Address_Region","","","","","","",""
"19","2019-10-21T00:34:37.776Z","vleno","Chrome","editField","https://forms.zoho.com/universityofmelbourne/form/NewRecord","","","","","","INPUT","text","Address_Region","VIC","","","","","",""
"19","2019-10-21T00:34:38.552Z","vleno","Chrome","paste","https://forms.zoho.com/universityofmelbourne/form/NewRecord","117 Farrell St, Port Melbourne, VIC 3207, Australia","","","","","INPUT","text","Address_ZipCode","","","","","","",""
"19","2019-10-21T00:34:43.401Z","vleno","Chrome","editField","https://forms.zoho.com/universityofmelbourne/form/NewRecord","","","","","","INPUT","text","Address_ZipCode","3207","","","","","",""
"19","2019-10-21T00:34:55.684Z","vleno","Chrome","clickButton","https://forms.zoho.com/universityofmelbourne/form/NewRecord","","","","","","BUTTON","submit","","submit","Submit","","","","","\n<em>Submit</em>\n"
"29","2019-10-21T00:47:13.320Z","vleno","Excel","copyCell","","382 Footscray Road, West Melbourne, VIC 3008, Australia","StudentRecords.xlsx","Sheet1","G30","","","","","382 Footscray Road, West Melbourne, VIC 3008, Australia","","","","","",""
"29","2019-10-21T00:47:14.808Z","vleno","Chrome","paste","https://forms.zoho.com/universityofmelbourne/form/NewRecord","382 Footscray Road, West Melbourne, VIC 3008, Australia","","","","","INPUT","text","Address_AddressLine1","","","","","","",""
"29","2019-10-21T00:47:18.011Z","vleno","Chrome","editField","https://forms.zoho.com/universityofmelbourne/form/NewRecord","","","","","","INPUT","text","Address_AddressLine1","382 Footscray Road","","","","","",""
"29","2019-10-21T00:47:18.321Z","vleno","Chrome","paste","https://forms.zoho.com/universityofmelbourne/form/NewRecord","382 Footscray Road, West Melbourne, VIC 3008, Australia","","","","","INPUT","text","Address_City","","","","","","",""
"29","2019-10-21T00:47:23.841Z","vleno","Chrome","editField","https://forms.zoho.com/universityofmelbourne/form/NewRecord","","","","","","INPUT","text","Address_City","West Melbourne","","","","","",""
"29","2019-10-21T00:47:24.721Z","vleno","Chrome","paste","https://forms.zoho.com/universityofmelbourne/form/NewRecord","382 Footscray Road, West Melbourne, VIC 3008, Australia","","","","","INPUT","text","Address_Region","","","","","","",""
"29","2019-10-21T00:47:29.321Z","vleno","Chrome","editField","https://forms.zoho.com/universityofmelbourne/form/NewRecord","","","","","","INPUT","text","Address_Region","VIC","","","","","",""
"29","2019-10-21T00:47:30.121Z","vleno","Chrome","paste","https://forms.zoho.com/universityofmelbourne/form/NewRecord","382 Footscray Road, West Melbourne, VIC 3008, Australia","","","","","INPUT","text","Address_ZipCode","","","","","","",""
"29","2019-10-21T00:47:34.993Z","vleno","Chrome","editField","https://forms.zoho.com/universityofmelbourne/form/NewRecord","","","","","","INPUT","text","Address_ZipCode","3008","","","","","",""
"29","2019-10-21T00:47:44.825Z","vleno","Chrome","clickButton","https://forms.zoho.com/universityofmelbourne/form/NewRecord","","","","","","BUTTON","submit","","submit","Submit","","","","","\n<em>Submit</em>\n"
"39","2019-10-21T01:00:21.401Z","vleno","Excel","copyCell","","76 Bakehouse Road, Kensington, VIC 3031, Australia","StudentRecords.xlsx","Sheet1","G40","","","","","76 Bakehouse Road, Kensington, VIC 3031, Australia","","","","","",""
"39","2019-10-21T01:00:23.145Z","vleno","Chrome","paste","https://forms.zoho.com/universityofmelbourne/form/NewRecord","76 Bakehouse Road, Kensington, VIC 3031, Australia","","","","","INPUT","text","Address_AddressLine1","","","","","","",""
"39","2019-10-21T01:00:26.521Z","vleno","Chrome","editField","https://forms.zoho.com/universityofmelbourne/form/NewRecord","","","","","","INPUT","text","Address_AddressLine1","76 Bakehouse Road","","","","","",""
"39","2019-10-21T01:00:26.840Z","vleno","Chrome","paste","https://forms.zoho.com/universityofmelbourne/form/NewRecord","76 Bakehouse Road, Kensington, VIC 3031, Australia","","","","","INPUT","text","Address_City","","","","","","",""
"39","2019-10-21T01:00:31.897Z","vleno","Chrome","editField","https://forms.zoho.com/universityofmelbourne/form/NewRecord","","","","","","INPUT","text","Address_City","Kensington","","","","","",""
"39","2019-10-21T01:00:32.713Z","vleno","Chrome","paste","https://forms.zoho.com/universityofmelbourne/form/NewRecord","76 Bakehouse Road, Kensington, VIC 3031, Australia","","","","","INPUT","text","Address_Region","","","","","","",""
"39","2019-10-21T01:00:37.361Z","vleno","Chrome","editField","https://forms.zoho.com/universityofmelbourne/form/NewRecord","","","","","","INPUT","text","Address_Region","VIC","","","","","",""
"39","2019-10-21T01:00:38.121Z","vleno","Chrome","paste","https://forms.zoho.com/universityofmelbourne/form/NewRecord","76 Bakehouse Road, Kensington, VIC 3031, Australia","","","","","INPUT","text","Address_ZipCode","","","","","","",""
"39","2019-10-21T01:00:42.794Z","vleno","Chrome","editField","https://forms.zoho.com/universityofmelbourne/form/NewRecord","","","","","","INPUT","text","Address_ZipCode","3031","","","","","",""
"39","2019-10-21T01:00:46.864Z","vleno","Chrome","clickButton","https://forms.zoho.com/universityofmelbourne/form/NewRecord","","","","","","BUTTON","submit","","submit","Submit","","","","","\n<em>Submit</em>\n"
"49","2019-10-21T01:12:33.914Z","vleno","Excel","copyCell","","66 Railway Place, West Melbourne, VIC 3440, Australia","StudentRecords.xlsx","Sheet1","G50","","","","","66 Railway Place, West Melbourne, VIC 3440, Australia","","","","","",""
"49","2019-10-21T01:12:35.592Z","vleno","Chrome","paste","https://forms.zoho.com/universityofmelbourne/form/NewRecord","66 Railway Place, West Melbourne, VIC 3440, Australia","","","","","INPUT","text","Address_AddressLine1","","","","","","",""
"49","2019-10-21T01:12:38.993Z","vleno","Chrome","editField","https://forms.zoho.com/universityofmelbourne/form/NewRecord","","","","","","INPUT","text","Address_AddressLine1","66 Railway Place","","","","","",""
"49","2019-10-21T01:12:39.193Z","vleno","Chrome","paste","https://forms.zoho.com/universityofmelbourne/form/NewRecord","66 Railway Place, West Melbourne, VIC 3440, Australia","","","","","INPUT","text","Address_City","","","","","","",""
"49","2019-10-21T01:12:44.225Z","vleno","Chrome","editField","https://forms.zoho.com/universityofmelbourne/form/NewRecord","","","","","","INPUT","text","Address_City","West Melbourne","","","","","",""
"49","2019-10-21T01:12:45.000Z","vleno","Chrome","paste","https://forms.zoho.com/universityofmelbourne/form/NewRecord","66 Railway Place, West Melbourne, VIC 3440, Australia","","","","","INPUT","text","Address_Region","","","","","","",""
"49","2019-10-21T01:12:50.025Z","vleno","Chrome","editField","https://forms.zoho.com/universityofmelbourne/form/NewRecord","","","","","","INPUT","text","Address_Region","VIC","","","","","",""
"49","2019-10-21T01:12:51.265Z","vleno","Chrome","paste","https://forms.zoho.com/universityofmelbourne/form/NewRecord","66 Railway Place, West Melbourne, VIC 3440, Australia","","","","","INPUT","text","Address_ZipCode","","","","","","",""
"49","2019-10-21T01:12:56.049Z","vleno","Chrome","editField","https://forms.zoho.com/universityofmelbourne/form/NewRecord","","","","","","INPUT","text","Address_ZipCode","3440","","","","","",""
"49","2019-10-21T01:13:01.465Z","vleno","Chrome","clickButton","https://forms.zoho.com/universityofmelbourne/form/NewRecord","","","","","","BUTTON","submit","","submit","Submit","","","","","\n<em>Submit</em>\n"
